2	6	2	3	1	0	1	2	2	4	2	5	4	2	4	3	6	2	3	4	2	3	1	0	0	0	1	3	3	0	4	1	1	4	1	1	5	4	1	2	4	4	0	0	3	1	1	0	1	1	3	6	2	2	9	9	14	23	13	20	17	21	22	19	2	7	5	3	3	1	5	5	1	2	2	2	2	2	0	0	5	3	3	1	2	1	5	6	3	6	14	7	2	4	1	0	1	2	3	2	3	4	2	3	3	1	0	5	3	3	4	2	7	9	5	12	14	13	7	4	8	10	8	5	4	3	8	16	17	21	33	40	67	50	71	82	103	152	123	109	119	134	139	174	174	166	129	163	228	231
1	2	2	0	1	1	3	3	2	2	2	4	6	5	6	7	3	2	2	3	2	4	1	2	1	2	3	1	6	5	3	2	0	2	1	4	4	1	1	2	1	2	2	1	2	1	1	3	0	0	3	0	4	1	1	6	13	7	15	16	10	13	13	12	3	2	3	0	4	2	5	1	1	1	2	1	0	6	1	1	4	3	0	2	0	1	0	1	1	3	1	5	2	0	4	4	6	1	0	2	6	2	1	4	2	5	2	5	3	2	7	12	7	11	12	8	19	15	7	11	4	15	11	11	7	7	12	14	21	18	25	42	56	43	62	86	108	136	165	134	113	140	161	136	136	159	158	168	187	187
0	1	0	0	4	1	0	1	0	1	3	3	2	1	4	3	6	4	2	1	2	3	1	2	0	3	2	1	7	2	1	4	3	1	3	2	7	0	4	0	1	0	3	1	1	2	2	0	2	0	1	2	4	3	3	2	8	8	9	5	10	7	7	3	2	3	2	3	5	3	6	2	1	1	4	0	1	1	2	2	1	1	2	2	1	2	3	2	1	2	1	3	1	0	3	1	1	1	2	5	4	3	1	3	5	3	6	10	8	4	3	3	6	10	16	16	13	13	25	11	18	11	7	3	5	6	7	16	9	23	27	36	54	67	70	83	80	127	114	139	115	124	120	131	155	143	185	176	198	193
3	2	2	2	2	5	1	3	2	4	1	3	0	2	5	2	0	1	3	1	3	2	1	0	3	5	4	9	2	6	2	0	1	1	7	2	3	2	3	2	1	1	1	0	3	2	2	1	0	4	1	3	2	2	1	3	11	11	7	4	3	4	3	8	3	2	4	3	2	3	2	2	2	3	2	2	2	3	2	2	0	5	0	0	3	3	2	0	1	1	4	0	1	2	1	1	1	3	1	3	4	0	3	2	1	2	5	3	4	4	9	6	7	6	13	19	12	26	17	23	9	9	10	9	7	9	9	15	14	34	20	37	55	65	72	71	76	72	108	120	99	88	118	158	174	200	201	215	208	154
0	2	1	2	2	2	0	0	0	5	1	1	4	4	0	1	2	2	1	4	1	0	0	1	4	2	10	11	7	4	0	1	2	4	0	1	2	2	2	0	1	2	0	2	0	0	1	1	3	2	2	1	4	1	3	2	2	1	3	1	5	7	3	1	2	4	5	5	1	0	1	2	1	2	2	2	4	2	1	2	2	3	1	2	1	2	3	2	5	5	3	3	4	2	1	3	3	5	3	2	1	5	4	0	1	4	4	3	11	3	5	6	9	9	16	21	19	23	37	22	18	15	12	7	18	13	15	16	24	24	23	36	52	63	69	56	55	70	59	69	62	91	160	183	224	232	247	235	222	204
1	2	1	1	1	1	4	2	2	1	4	1	0	3	2	4	1	2	1	3	2	5	2	0	3	4	6	6	7	4	3	1	0	1	4	3	2	1	2	2	0	2	1	3	1	3	2	4	3	3	0	1	5	3	2	5	7	3	4	4	3	1	0	2	4	2	1	5	4	2	2	3	0	1	3	1	1	1	2	1	0	0	5	3	1	1	3	1	3	2	4	5	2	0	4	2	1	2	3	5	5	0	1	2	1	5	1	11	6	5	4	3	6	12	13	16	12	18	19	25	13	9	8	13	19	21	21	22	21	24	36	32	53	90	86	104	65	57	49	45	62	113	168	205	225	261	242	214	214	208
3	1	3	1	1	4	1	3	1	2	2	3	3	0	1	4	0	1	1	4	2	1	1	1	5	4	4	3	4	2	8	1	4	1	3	2	0	1	3	1	4	1	1	3	4	2	3	0	2	0	2	1	3	0	2	7	12	7	2	0	2	5	1	1	3	3	1	0	3	1	5	1	0	2	1	1	1	1	3	1	1	1	2	0	0	0	3	2	4	2	1	3	1	1	2	3	1	4	4	2	2	3	3	4	4	7	4	10	3	1	9	5	8	8	11	22	18	16	25	15	16	17	14	17	25	21	18	14	26	27	34	39	56	69	72	87	81	65	27	29	62	83	115	177	201	225	221	203	190	214
3	5	2	2	3	3	3	1	0	2	2	3	4	1	2	2	1	2	3	2	1	2	0	3	1	4	4	2	4	2	1	2	1	1	1	2	3	1	2	1	3	1	2	1	3	0	3	1	1	0	3	3	2	0	4	12	11	4	2	2	0	1	1	0	4	1	1	5	1	3	2	4	0	0	2	4	2	1	1	0	0	0	0	2	1	1	2	3	4	5	2	1	2	2	0	2	2	2	2	1	1	2	3	8	6	1	2	6	2	4	2	10	10	21	20	21	25	33	40	47	39	22	12	19	27	18	24	20	17	23	26	49	53	56	64	80	74	46	29	43	47	86	116	171	194	224	236	239	227	203
4	1	1	0	2	1	1	3	2	2	1	3	3	4	0	1	1	1	3	1	1	1	2	3	2	4	3	4	2	6	3	2	1	1	2	1	0	2	1	2	3	0	2	6	3	2	2	0	4	4	0	0	0	4	3	8	7	5	4	2	5	1	1	4	3	4	4	4	0	6	2	3	2	2	3	1	0	1	2	3	2	0	1	1	2	2	2	2	2	2	3	0	0	1	0	8	2	4	5	3	4	0	4	1	5	2	10	3	2	6	6	11	12	16	21	16	32	39	49	41	33	24	19	16	17	14	12	18	18	38	33	45	51	66	56	63	63	55	33	57	79	109	157	166	216	193	223	237	216	213
0	0	2	3	2	2	4	2	2	2	1	2	1	1	2	2	7	2	1	6	0	5	1	1	2	2	2	2	2	4	4	1	2	4	1	1	0	7	3	0	2	2	2	1	0	2	3	1	4	2	0	0	2	2	3	6	3	3	2	2	5	1	2	2	0	6	3	4	2	1	1	2	1	0	1	2	3	1	0	2	3	3	2	2	1	2	2	3	2	3	1	1	1	2	0	2	4	3	3	3	4	9	5	2	3	1	6	6	3	4	12	7	10	23	20	21	27	27	42	41	24	31	20	15	12	9	18	26	23	38	44	43	66	46	48	75	79	80	64	102	117	131	203	217	232	222	248	214	219	193
1	0	0	0	1	3	2	1	0	1	0	3	2	0	1	3	2	4	4	2	0	2	3	4	2	0	1	3	3	0	0	2	1	3	2	0	2	6	3	9	4	0	2	1	4	1	0	3	3	1	1	0	3	4	3	0	3	6	2	2	0	2	6	2	3	2	1	3	1	4	0	4	2	1	2	0	1	1	1	3	1	1	3	0	2	1	0	3	3	3	0	0	1	0	2	3	1	0	0	3	0	1	10	2	6	6	1	5	2	6	8	6	12	18	18	6	16	21	21	24	22	19	14	8	22	14	14	15	21	27	45	51	71	70	55	70	99	119	125	135	116	160	207	243	231	265	254	198	206	174
1	3	2	0	0	2	0	3	2	2	0	0	1	2	3	2	2	8	4	1	2	3	1	0	3	1	2	0	2	1	2	0	3	1	2	3	3	3	5	3	6	2	0	1	3	3	2	1	1	2	4	1	1	0	2	1	0	2	1	1	1	2	2	1	3	1	2	0	0	1	1	1	1	0	1	1	1	3	1	1	3	1	2	2	1	2	2	1	2	1	1	2	3	1	1	2	0	3	6	0	3	2	0	1	2	3	3	3	2	3	6	15	16	9	11	15	12	12	11	16	12	14	12	16	13	10	13	22	36	39	41	57	99	94	94	99	99	123	140	192	117	157	197	209	241	199	179	179	164	162
1	2	3	0	1	3	1	1	0	0	2	1	3	2	6	12	5	6	5	2	2	1	4	2	2	1	3	1	0	3	2	3	1	4	4	1	1	9	2	4	3	3	0	2	4	3	4	3	2	0	1	0	1	1	1	0	4	2	1	3	1	3	2	1	2	0	1	3	1	0	1	2	1	1	1	1	1	2	1	1	3	1	1	3	1	3	2	0	1	1	2	1	1	4	2	4	1	1	2	6	3	1	2	0	4	1	0	2	8	7	13	13	11	14	14	7	9	9	8	10	12	9	10	13	15	13	11	27	31	29	36	81	94	83	135	125	84	122	147	161	166	176	180	186	202	190	176	134	185	210
1	1	2	1	2	2	0	1	1	3	0	2	1	3	5	4	8	3	4	3	1	0	2	3	2	3	1	3	2	0	1	2	1	7	1	3	1	5	3	8	3	5	1	2	4	1	2	1	0	2	1	2	4	1	1	4	0	0	1	2	1	3	2	0	0	1	2	0	0	1	0	0	2	0	0	0	1	3	5	1	1	2	1	1	1	1	2	1	5	1	0	0	1	2	3	1	2	7	3	4	5	4	2	2	3	7	2	4	3	7	20	25	13	4	13	3	6	5	4	8	11	7	13	18	13	21	21	30	29	39	54	66	80	79	101	83	79	132	146	164	194	172	189	167	156	172	192	203	208	221
5	1	0	0	1	1	2	0	1	4	1	3	3	5	7	9	2	2	2	1	0	1	2	2	2	2	2	3	5	1	2	4	1	1	1	0	0	3	13	7	1	0	2	2	1	1	2	2	1	2	1	1	0	2	0	2	2	2	1	2	1	2	1	3	3	4	5	0	2	0	1	0	3	0	2	1	1	2	1	2	3	1	1	0	2	0	0	2	2	1	3	1	0	2	1	0	1	2	3	0	1	1	2	1	3	5	1	2	9	14	21	7	2	6	3	3	5	4	10	6	10	15	14	16	27	19	13	23	24	32	55	63	72	68	72	75	93	149	135	159	172	176	154	163	180	212	221	261	235	233
0	1	2	0	1	1	0	0	2	3	1	3	2	6	3	7	2	2	3	2	0	1	2	1	1	1	1	1	2	0	0	4	3	2	5	4	3	8	6	5	3	1	1	0	0	0	3	2	2	3	0	2	0	2	2	1	2	2	2	3	2	0	0	3	0	1	3	1	1	2	1	1	0	0	2	0	2	2	2	0	3	1	1	2	1	2	2	2	1	2	1	2	2	2	4	4	2	2	1	3	2	4	2	2	4	4	1	3	5	6	8	4	9	6	3	7	2	4	8	6	11	16	27	44	40	33	27	34	37	49	69	75	66	88	101	88	101	134	118	134	129	124	126	155	233	227	241	203	196	223
0	0	0	0	0	0	2	1	0	4	3	2	2	2	3	0	4	3	1	3	1	0	1	1	2	0	0	3	0	1	2	2	0	1	0	3	2	5	2	2	2	1	0	2	1	1	1	2	0	2	0	1	1	0	2	1	3	3	2	0	1	1	2	2	1	2	0	3	0	2	1	1	2	2	1	1	0	3	2	1	2	1	1	2	2	3	1	2	0	2	1	1	3	0	5	3	1	0	5	1	0	6	3	5	2	4	7	3	4	9	8	6	8	2	6	6	6	8	10	8	17	29	47	53	50	48	32	32	41	73	67	72	71	64	72	107	127	139	122	99	88	121	158	210	212	227	235	207	217	219
0	1	2	2	0	1	2	0	0	0	1	0	1	5	4	1	7	0	1	4	1	2	1	0	0	0	0	2	0	1	3	0	3	2	4	3	6	4	4	3	4	1	1	2	0	1	0	1	2	2	1	1	1	1	1	0	1	1	1	2	0	1	1	1	0	2	2	1	0	1	1	1	3	1	1	4	1	2	1	1	0	1	0	1	1	0	1	1	1	2	2	2	3	2	2	4	3	2	4	1	3	2	5	1	2	2	3	3	5	5	6	9	7	12	10	9	8	16	17	13	15	46	50	55	45	45	30	41	67	65	72	61	66	83	95	140	137	146	106	107	118	126	184	194	196	224	204	169	158	205
1	0	1	4	1	0	0	0	6	0	2	2	4	5	2	4	2	0	3	0	2	1	0	2	1	2	1	3	0	4	6	1	1	2	3	1	3	1	2	3	1	0	1	3	2	0	1	1	2	1	0	2	0	1	2	1	2	0	4	1	1	1	0	2	4	0	0	1	1	1	1	1	2	3	0	2	3	0	5	5	0	5	1	0	2	1	1	0	1	2	1	3	1	1	3	5	2	2	2	2	3	3	1	2	4	4	1	7	2	4	8	8	5	14	12	14	11	22	12	18	12	27	42	47	30	45	32	34	73	55	39	68	55	73	100	107	140	142	132	151	143	140	189	204	160	173	203	184	173	181
2	2	0	2	2	1	3	0	0	2	0	2	3	2	1	4	0	3	1	0	0	2	0	1	2	2	0	1	3	1	0	3	3	1	2	2	3	3	1	0	3	3	1	0	0	0	0	2	0	2	3	0	1	1	2	0	2	1	0	5	1	2	1	1	1	3	1	3	3	0	3	1	3	0	1	2	2	0	4	3	4	2	2	3	1	3	2	0	2	2	4	3	0	4	2	3	2	0	0	3	2	3	2	1	0	1	3	1	3	5	4	9	10	8	13	18	13	15	17	26	10	24	27	33	41	43	33	28	42	40	51	58	57	76	90	136	138	138	166	171	145	146	137	196	172	192	197	204	214	219
0	0	2	4	1	1	2	1	2	1	3	8	2	3	2	1	0	3	1	2	3	2	0	3	2	1	2	1	3	1	0	4	0	1	1	4	1	2	0	5	0	2	1	2	1	2	1	0	3	2	5	1	2	0	1	1	1	4	2	4	1	4	1	2	1	2	2	5	2	2	3	1	4	4	2	3	0	1	5	3	0	1	2	0	5	4	1	3	2	2	1	2	3	7	0	3	0	1	2	4	0	0	1	1	1	3	3	1	1	1	7	6	15	13	19	19	13	17	31	27	27	28	33	44	40	29	35	31	40	55	45	63	72	89	100	117	125	134	139	177	149	132	190	209	212	178	230	234	254	225
1	2	2	1	2	2	1	0	1	0	4	4	3	1	2	1	1	3	0	1	2	1	1	2	3	0	0	6	1	3	1	0	2	1	1	1	4	1	1	1	0	3	3	0	1	1	0	0	0	0	1	0	3	2	1	0	2	0	1	2	2	1	1	0	2	1	3	1	2	3	3	2	3	3	1	2	0	2	0	2	2	1	1	0	1	2	1	1	1	2	2	1	5	1	0	2	3	3	3	0	3	1	1	2	1	3	0	1	3	5	2	15	22	18	16	16	20	29	35	35	22	37	61	60	78	45	53	38	35	41	49	55	68	81	82	117	103	125	150	156	134	174	215	196	198	205	236	238	229	209
0	5	1	1	0	2	0	0	1	2	0	1	2	3	0	0	1	1	0	1	1	0	2	3	2	1	1	2	0	3	2	1	3	2	2	3	2	0	2	1	1	4	0	4	0	1	1	1	0	2	2	0	1	1	1	3	1	0	2	3	2	0	2	3	1	4	1	2	0	2	2	2	3	5	1	4	0	2	4	1	1	0	4	1	3	1	3	1	4	5	0	3	0	1	2	2	1	3	1	3	0	1	0	0	4	1	0	2	2	5	4	8	11	17	9	12	26	31	42	30	41	39	73	86	60	71	57	50	48	46	59	83	86	93	94	91	87	137	162	127	132	164	205	228	182	168	216	230	229	180
2	1	0	0	1	0	2	0	4	1	2	2	3	2	1	1	3	2	1	0	2	1	3	3	1	0	2	0	3	0	2	3	3	1	1	2	2	2	2	0	2	4	6	2	4	0	3	0	1	0	2	2	1	1	3	2	1	1	2	3	5	5	2	0	1	0	2	1	2	0	3	0	5	2	2	1	1	0	6	6	3	1	2	3	3	3	2	1	1	2	4	4	2	2	0	1	2	0	0	2	1	3	4	2	1	2	4	3	2	5	12	11	14	10	17	21	30	54	46	51	43	55	77	109	106	85	66	73	60	70	60	93	91	71	79	71	104	113	162	139	125	154	200	188	156	173	193	217	218	182
0	0	0	4	1	1	2	2	0	2	2	1	0	3	2	3	0	2	1	3	3	3	1	2	1	1	1	1	5	3	2	1	4	1	1	3	2	1	1	2	2	0	0	2	1	1	0	2	2	0	0	1	0	1	1	1	2	1	1	4	1	3	1	3	1	1	2	1	1	5	2	1	7	4	3	2	2	3	1	3	1	1	1	2	3	2	3	3	3	4	4	2	2	2	1	2	2	3	1	2	1	2	1	5	1	0	2	2	7	5	13	22	20	14	16	27	32	57	64	65	70	60	90	91	109	106	69	51	51	51	92	83	83	95	83	87	106	116	135	147	131	169	180	158	144	171	209	214	201	128
1	3	0	2	0	2	0	2	1	1	4	3	1	1	2	0	2	3	1	2	1	1	0	3	0	2	2	1	3	0	2	3	0	1	2	2	2	2	1	1	2	4	1	0	1	2	1	2	1	1	1	0	1	3	5	0	2	3	1	4	5	1	5	4	3	2	2	3	3	0	1	5	7	3	4	3	2	0	5	3	3	0	2	1	1	0	2	2	2	3	1	2	2	3	0	0	1	1	3	4	2	1	2	1	1	2	2	3	5	5	14	11	16	24	22	31	46	56	70	55	62	63	97	94	118	79	84	61	61	72	111	96	107	98	115	96	113	138	154	161	165	166	146	148	173	196	190	168	147	142
2	2	3	0	1	1	2	2	2	1	2	1	2	1	1	2	3	2	1	0	3	0	0	1	0	0	0	2	1	1	1	0	1	0	1	1	1	0	1	2	1	2	1	0	1	2	2	1	3	3	4	1	2	5	3	0	1	1	4	5	6	8	4	2	0	1	0	1	4	2	3	5	9	3	4	0	5	3	2	2	2	1	1	2	1	2	0	1	1	0	0	1	2	3	2	0	1	1	3	2	1	1	2	2	1	0	1	1	4	6	14	13	16	9	13	30	58	69	75	57	81	99	100	115	121	107	100	62	68	69	108	103	92	112	105	99	122	132	135	148	147	159	151	190	182	210	163	139	129	102
2	6	4	2	1	1	1	2	1	0	5	5	2	0	0	2	3	2	0	2	0	2	0	3	2	2	0	2	4	0	2	0	1	2	2	2	2	2	1	2	1	1	0	0	1	2	1	0	1	1	2	0	1	1	3	2	1	3	2	5	5	1	2	4	2	0	0	1	0	0	5	2	2	3	1	0	2	3	4	2	2	2	0	1	0	3	2	1	2	2	2	0	1	3	1	2	1	0	4	2	4	0	2	4	3	1	4	4	10	16	17	17	15	20	20	29	61	86	75	91	77	108	107	100	113	113	97	75	70	80	95	98	105	98	112	102	110	110	115	157	193	166	200	189	206	205	152	124	141	108
5	3	4	0	1	1	1	3	2	4	2	1	3	1	1	3	3	0	0	1	2	2	1	0	0	2	0	0	2	1	3	1	2	0	4	4	2	1	1	3	1	1	3	2	3	1	2	3	0	0	1	2	0	0	1	3	2	2	2	1	1	2	1	3	0	2	2	0	5	3	1	0	1	0	1	2	3	1	3	3	3	2	3	1	1	2	1	2	4	1	1	3	4	5	3	3	0	2	0	0	1	1	1	0	3	3	3	5	5	10	13	11	13	14	21	28	56	89	96	60	96	92	80	95	95	109	108	69	51	81	87	121	105	126	107	100	85	105	110	155	203	196	164	176	208	162	130	119	133	139
0	2	1	1	2	2	3	3	1	1	2	2	0	1	0	1	5	2	4	1	1	0	0	2	0	2	1	2	1	1	3	1	1	0	1	2	0	0	1	2	0	3	1	1	3	0	2	1	1	1	1	2	4	1	3	3	1	0	0	2	3	4	6	1	0	0	2	3	4	5	3	5	3	1	0	2	5	6	4	5	5	1	1	3	1	2	2	4	2	2	2	1	4	5	2	1	3	2	1	2	4	1	0	0	0	3	4	4	10	13	11	13	11	15	18	25	44	62	77	72	84	71	66	67	104	122	72	70	81	64	113	119	119	111	107	132	125	119	151	192	210	163	157	158	164	155	159	166	133	131
3	2	0	2	3	2	3	3	3	1	0	1	1	1	0	0	1	1	2	2	1	2	3	0	1	3	2	0	1	0	0	0	0	1	1	3	0	3	3	0	1	3	1	2	1	2	0	3	1	1	0	3	1	5	1	1	0	1	1	4	3	0	1	2	0	0	2	1	3	3	2	1	1	1	2	1	0	5	4	4	3	4	2	4	3	2	2	2	6	4	3	7	2	2	2	2	2	1	4	1	3	1	2	2	0	3	2	9	5	12	12	11	11	17	9	19	30	33	38	43	63	66	80	93	112	115	101	81	69	92	112	120	120	129	133	106	152	158	173	179	169	176	178	182	162	150	161	167	142	142
2	0	3	0	3	3	3	2	4	2	1	2	3	4	0	3	2	1	1	3	2	1	2	4	3	2	2	1	2	0	1	1	0	0	1	1	4	0	2	1	0	0	0	0	1	3	0	3	1	1	1	2	2	2	2	1	1	2	2	0	1	3	7	2	2	5	3	3	4	3	2	2	2	2	6	1	5	3	4	1	0	1	1	1	3	1	4	1	7	2	1	2	1	5	2	1	2	8	5	2	3	1	3	3	4	5	6	2	8	8	8	10	19	22	14	14	25	36	36	46	73	93	120	102	106	123	119	119	81	105	103	132	100	116	101	137	113	166	175	174	173	142	154	144	122	149	171	191	164	129
3	1	1	5	1	6	1	1	2	1	2	3	4	3	0	2	1	2	0	2	2	3	0	0	1	0	2	2	1	3	1	0	1	1	3	3	3	0	1	1	2	1	1	0	2	1	2	1	3	3	1	1	2	1	0	4	3	0	2	0	5	2	3	1	2	1	0	5	3	2	2	0	0	4	4	5	1	2	3	1	0	0	0	2	3	4	3	6	2	9	4	5	3	4	5	5	9	1	5	3	3	2	6	8	6	3	3	11	12	12	23	21	14	24	13	20	18	23	37	39	62	109	99	98	117	107	138	115	115	125	102	121	106	124	133	125	117	148	199	157	145	122	149	167	135	152	188	169	155	111
5	6	6	4	1	2	4	1	0	0	2	3	2	3	1	0	1	0	1	2	2	1	3	0	3	2	3	2	0	6	2	1	2	3	0	3	2	0	3	3	1	0	0	3	1	1	2	2	1	2	1	4	3	0	2	1	2	0	3	1	2	1	1	6	3	5	2	1	2	1	0	2	1	4	2	5	2	4	1	0	2	3	3	1	1	3	2	1	3	3	4	6	8	9	5	5	4	6	5	2	3	7	6	7	9	8	2	20	14	15	22	26	21	21	23	23	26	34	35	48	55	76	100	88	85	109	143	140	118	131	99	102	105	106	101	105	104	144	141	153	145	142	150	141	161	171	169	167	128	119
6	6	4	3	0	3	4	3	4	1	2	1	1	0	2	0	3	0	4	1	0	0	1	1	0	0	1	1	0	2	3	3	1	1	1	1	1	3	2	2	3	1	3	2	3	0	0	4	1	3	0	3	3	1	2	0	1	3	0	4	4	1	4	4	6	6	3	1	0	0	4	2	0	1	4	0	0	4	3	2	2	2	2	1	1	2	4	7	2	4	7	5	8	6	5	6	6	11	4	5	4	2	9	5	10	9	8	18	14	23	32	39	35	27	17	20	23	25	33	58	44	57	54	70	86	122	133	121	156	118	102	108	122	125	128	109	112	114	144	149	141	142	130	151	153	191	149	137	113	117
2	8	8	5	7	5	5	3	1	3	0	1	0	1	1	1	2	1	0	2	1	2	0	0	1	3	0	2	3	2	0	0	2	3	1	2	2	3	4	2	1	0	1	1	1	0	1	0	0	1	0	0	1	1	1	3	2	5	4	2	4	7	4	2	11	3	2	3	2	2	3	3	3	1	0	3	1	1	2	2	1	1	3	1	3	0	2	4	5	2	5	7	2	3	3	4	5	3	6	9	5	3	3	10	4	10	18	15	25	26	39	49	45	24	22	21	15	24	36	42	41	46	61	61	74	122	124	131	112	118	98	99	116	110	111	124	152	167	141	182	148	135	128	124	169	168	117	89	91	78
2	2	5	4	6	8	2	2	1	3	1	1	1	3	1	4	1	0	0	0	2	2	0	0	1	1	3	1	5	0	0	0	0	2	3	1	2	1	2	1	3	0	2	1	1	1	2	2	1	3	1	1	3	1	4	0	0	0	5	0	1	5	5	8	4	5	2	2	0	2	0	2	2	1	0	0	0	3	3	3	2	2	4	4	0	3	1	3	2	5	7	3	4	3	4	10	4	9	11	4	4	2	7	3	3	9	12	9	20	30	64	70	49	28	18	20	17	19	27	35	47	43	42	74	86	97	99	101	92	112	96	116	116	135	131	128	135	176	164	186	173	166	118	137	134	146	120	123	99	89
1	4	5	5	4	3	2	3	2	1	3	1	3	4	2	3	1	1	1	0	1	2	2	2	0	2	1	1	0	1	0	2	1	1	3	0	0	2	1	0	2	2	1	1	2	1	0	2	2	1	2	3	4	1	2	1	2	0	3	1	1	3	11	10	5	3	3	2	0	2	0	2	1	1	4	0	2	2	4	1	2	4	4	0	3	2	1	0	3	2	4	2	4	3	6	1	7	11	6	3	4	4	5	3	3	8	7	21	18	34	35	48	35	24	18	17	29	14	19	23	33	51	73	70	95	82	82	66	103	104	122	115	138	136	138	159	166	161	164	154	169	158	153	158	138	119	103	101	88	92
1	2	3	4	6	0	1	3	3	0	1	0	1	2	1	0	3	2	1	1	0	0	2	2	3	1	0	2	0	0	0	1	0	1	0	5	1	1	1	1	0	2	0	1	1	0	1	1	1	1	0	3	1	1	0	3	3	1	2	6	4	3	9	12	4	3	3	3	1	1	1	0	2	3	2	1	5	1	1	1	1	3	2	0	1	3	1	2	2	2	4	5	0	4	3	5	3	4	6	0	2	1	3	2	5	9	7	14	21	19	34	34	30	24	34	26	27	21	21	26	28	37	43	85	103	102	78	90	136	133	140	122	132	129	122	153	171	136	141	142	174	175	183	154	136	142	125	87	73	59
1	0	4	3	3	0	1	1	2	1	2	2	3	0	0	2	1	2	1	2	2	0	0	3	1	0	0	0	2	1	2	1	3	2	0	2	1	2	0	0	3	2	3	0	0	2	1	0	0	3	4	3	1	3	4	1	5	1	1	2	3	3	6	2	3	0	2	2	0	0	1	1	1	2	2	1	1	2	0	2	2	0	1	5	2	1	0	0	1	4	1	1	5	2	8	3	2	4	3	2	2	1	2	3	4	4	11	18	18	16	22	15	22	33	50	49	40	16	23	31	31	42	59	76	102	122	108	132	186	176	136	129	122	111	139	154	165	129	125	145	162	199	173	149	143	119	107	87	84	52
1	3	3	3	1	3	1	2	3	0	2	0	1	1	2	2	1	0	1	0	2	1	2	1	1	2	1	0	1	1	0	1	3	0	1	2	1	0	1	0	1	1	2	0	1	0	4	1	0	2	0	2	3	1	1	2	0	1	7	2	3	4	3	3	1	3	3	1	2	2	2	1	1	1	1	1	0	1	1	1	1	1	0	2	2	5	0	2	2	2	3	1	1	1	2	3	4	4	1	2	2	1	4	4	2	4	10	12	17	12	18	18	35	60	72	61	40	25	24	22	23	47	70	88	102	103	129	144	164	164	165	125	139	131	136	136	168	141	106	141	178	176	176	135	151	139	119	85	63	31
3	0	0	1	2	1	1	1	2	3	2	1	0	1	1	1	1	3	2	2	1	3	2	2	0	2	1	2	3	2	1	1	3	1	1	1	0	1	0	3	1	1	0	3	1	0	2	3	1	4	2	0	4	2	3	1	2	1	1	2	4	5	0	2	1	1	3	3	1	0	1	0	5	2	3	3	2	0	1	3	1	1	1	1	1	1	0	2	0	0	0	3	2	0	1	2	2	1	1	0	1	3	2	3	1	6	3	11	10	11	13	15	29	53	73	67	52	24	13	24	28	36	71	81	116	130	118	137	155	156	142	124	128	126	157	184	148	117	109	122	193	137	149	126	134	112	116	91	58	25
1	0	2	2	3	1	2	0	3	2	2	1	0	1	3	2	2	1	4	4	0	1	1	2	0	2	0	1	3	0	2	3	2	1	1	1	1	1	1	0	1	1	0	3	1	2	0	0	1	1	3	3	0	0	1	3	0	2	1	5	4	2	2	2	0	0	1	3	1	2	2	3	1	3	3	2	0	3	3	2	7	2	2	0	0	1	1	1	1	0	2	0	1	4	2	0	3	2	2	1	0	1	3	2	4	1	5	7	7	9	9	12	25	48	71	47	42	23	16	18	30	32	49	82	117	108	92	103	140	136	115	135	149	144	159	160	133	114	132	160	178	179	144	128	132	125	107	89	59	25
1	2	1	0	3	3	1	1	4	0	1	1	2	1	0	1	5	2	2	0	0	2	0	1	3	1	2	0	1	0	0	2	1	3	1	3	2	1	2	1	2	1	1	3	0	2	2	2	0	1	1	2	4	1	2	5	1	1	8	4	3	2	3	2	4	4	1	2	4	4	1	0	1	1	2	1	2	1	0	4	2	3	2	0	2	1	0	3	0	1	1	0	1	1	4	0	2	1	0	0	0	6	6	0	6	3	7	8	10	6	8	14	27	38	59	43	33	12	22	21	21	25	29	83	95	94	84	96	139	155	159	141	165	187	176	156	115	132	127	176	182	175	160	140	126	99	87	75	37	20
1	0	2	1	1	3	2	2	1	1	2	1	1	1	2	0	2	5	1	1	2	0	0	3	2	1	1	0	1	2	0	0	3	2	1	0	2	2	0	2	1	1	1	6	2	2	1	0	1	2	4	5	3	1	2	0	3	1	3	2	3	1	4	6	0	1	1	1	2	1	2	1	2	2	1	3	3	3	0	0	0	2	0	1	4	0	2	4	2	2	1	2	3	2	2	0	2	1	4	1	5	4	1	1	5	7	6	8	5	8	15	8	19	26	29	25	28	17	15	24	30	34	58	86	94	85	71	93	134	162	177	174	193	191	161	131	116	153	140	174	190	184	169	135	93	107	77	58	26	16
1	2	2	1	1	2	0	4	0	0	0	0	3	5	0	1	2	2	1	4	1	0	0	1	2	2	2	3	2	4	1	5	3	0	0	4	1	3	0	3	1	6	0	1	0	0	2	1	1	0	3	4	3	0	4	3	3	1	3	2	5	1	1	2	2	3	0	2	4	1	1	5	1	4	1	0	2	2	0	4	2	2	3	2	0	1	1	1	2	4	0	4	1	1	2	2	1	3	0	3	2	2	3	4	3	5	7	14	9	5	13	14	15	11	12	18	13	15	24	27	31	49	59	86	68	81	56	104	121	148	141	165	156	186	127	135	152	160	163	182	182	185	145	139	105	86	73	43	29	9
3	1	1	0	1	1	0	3	0	2	3	2	4	0	1	1	1	2	0	2	0	2	2	1	3	2	5	3	1	1	0	0	1	0	0	4	1	1	0	1	1	2	1	2	1	1	2	1	2	2	7	3	2	2	3	3	7	3	2	3	3	2	1	2	1	2	1	3	2	4	0	1	2	1	2	3	1	1	2	0	1	0	0	2	2	4	3	0	0	3	1	1	1	1	1	1	2	1	0	3	1	2	5	5	3	9	14	20	8	10	5	6	4	15	15	10	10	12	27	22	43	47	59	68	66	75	68	81	122	128	136	156	141	150	132	163	168	171	201	187	181	142	134	124	112	86	62	33	18	2
2	2	3	0	1	1	1	2	2	2	1	0	8	1	2	3	1	1	1	2	1	2	1	1	1	2	0	3	1	2	5	1	2	1	1	1	1	3	2	1	2	1	1	2	1	4	1	3	1	9	6	3	3	7	2	1	2	3	4	1	2	1	3	5	1	2	3	1	1	3	1	1	0	1	2	0	4	2	0	2	0	0	0	3	2	3	1	1	1	0	0	3	3	1	0	0	0	2	0	4	9	5	6	6	6	10	5	6	12	7	7	3	6	5	7	9	11	20	22	40	50	48	61	64	60	91	86	93	111	125	127	126	118	142	142	179	179	186	174	170	186	165	126	106	111	75	63	23	7	3
3	3	1	0	2	1	0	0	2	1	2	2	1	1	0	1	2	0	0	3	1	2	1	0	6	1	0	0	0	1	2	1	2	1	1	1	1	2	2	2	3	6	2	2	2	2	3	2	1	3	4	4	7	4	3	4	7	1	2	7	4	5	2	4	1	2	1	0	0	2	1	1	2	6	2	1	4	10	2	0	2	1	1	1	2	4	1	1	4	4	0	1	2	1	3	0	2	2	2	2	8	3	6	3	9	4	12	11	6	6	5	8	2	8	5	5	11	12	20	36	55	65	75	62	113	105	119	107	122	141	132	132	145	133	153	153	179	198	165	181	154	133	153	129	118	85	53	25	7	1
1	2	1	1	2	2	1	2	1	1	0	3	2	3	2	0	3	3	2	0	0	1	0	1	2	2	3	2	3	2	0	0	1	0	0	1	2	1	4	1	3	2	0	2	1	3	1	3	3	3	5	5	7	9	4	11	6	5	9	7	9	6	1	5	0	2	3	7	1	1	2	1	0	3	5	5	1	4	1	4	1	0	2	4	0	3	1	1	2	0	3	0	3	3	3	1	4	3	3	4	3	9	2	7	7	5	5	15	12	7	5	5	5	4	4	10	6	15	35	32	44	60	72	91	109	128	140	98	89	135	162	151	164	139	159	175	158	153	162	196	169	146	133	130	113	89	43	18	4	0
0	2	5	1	2	2	0	4	1	3	1	1	0	1	2	3	1	5	0	2	1	1	3	2	3	1	0	3	0	0	1	2	2	0	2	2	3	0	1	1	9	3	8	1	4	2	4	4	3	7	5	14	12	10	26	4	8	9	7	4	6	6	5	2	3	0	1	2	2	2	0	1	0	4	2	4	7	7	3	3	0	1	1	1	1	2	4	0	0	3	0	1	2	4	1	1	5	1	1	4	6	3	7	4	5	6	3	5	8	10	10	6	4	6	4	4	13	9	10	27	36	53	80	99	138	179	149	98	92	116	165	140	155	135	148	157	168	146	160	170	165	131	160	159	150	85	60	21	7	0
4	3	1	2	0	0	2	0	1	4	2	3	1	2	2	3	1	4	3	0	1	2	3	0	0	2	1	0	4	1	1	0	1	4	3	2	3	3	3	3	5	6	4	7	6	5	6	5	5	3	7	9	18	15	31	14	14	9	5	4	6	7	3	3	5	1	5	2	0	0	4	3	2	2	4	1	3	1	0	1	2	1	3	1	2	2	2	2	2	2	1	3	4	2	0	3	0	3	2	4	2	3	3	5	5	3	2	5	4	3	5	11	4	10	7	4	9	10	17	31	40	42	72	99	127	147	118	62	81	114	145	158	168	137	136	165	169	166	177	157	163	154	175	175	121	101	37	14	0	0
0	2	3	3	1	1	1	3	2	4	6	3	3	0	1	3	0	0	2	1	2	2	0	0	0	5	3	4	3	2	1	2	2	0	0	3	2	4	1	4	5	7	9	4	4	5	6	3	5	7	7	15	26	26	29	24	13	6	7	4	6	2	4	2	2	2	0	4	2	0	2	4	2	3	4	2	6	2	2	0	3	4	2	0	5	0	1	3	4	1	1	2	1	0	3	6	1	2	3	2	5	2	6	4	5	5	6	9	10	7	2	4	4	3	6	6	8	14	23	26	30	42	65	87	130	125	93	74	96	142	187	189	185	139	147	191	160	173	195	175	177	183	236	201	126	52	40	7	1	0
2	0	2	3	2	1	3	2	4	2	5	6	2	1	1	4	2	3	7	2	1	1	2	2	0	3	0	2	1	1	0	2	1	2	3	1	1	3	4	5	10	16	21	9	13	8	8	8	6	10	15	21	22	34	32	22	10	8	8	9	2	6	4	2	2	0	0	3	4	1	5	2	3	1	3	5	3	2	1	2	2	3	0	1	3	4	1	2	2	3	1	2	2	0	2	0	1	4	1	2	4	4	1	4	6	3	7	9	10	11	7	8	9	3	6	6	7	19	18	26	45	74	58	109	130	133	80	88	124	186	213	246	183	157	181	200	166	175	171	176	179	215	198	184	132	89	32	6	1	0
3	1	2	3	3	3	6	5	6	1	4	6	3	7	5	5	3	2	2	1	2	0	0	2	0	0	2	1	2	1	2	5	3	2	3	5	0	3	4	7	17	20	35	28	14	10	5	4	9	12	27	26	49	36	34	32	16	15	6	5	7	2	5	2	3	0	2	4	1	3	0	2	1	2	1	2	2	4	1	2	1	2	2	3	0	0	3	3	7	2	2	1	4	4	1	5	2	0	8	3	2	5	2	8	2	6	9	11	9	8	8	9	4	3	5	3	12	14	23	42	69	78	65	90	153	162	135	135	171	203	218	176	205	171	184	207	203	179	173	202	177	187	146	162	135	75	44	14	2	0
3	5	0	2	0	3	6	3	7	9	17	6	10	9	3	7	1	6	6	4	2	8	1	4	0	3	1	2	0	1	1	0	3	1	2	2	1	2	5	17	18	28	32	20	13	13	4	7	9	12	19	26	44	35	40	24	23	15	12	7	5	1	4	1	4	1	4	3	2	2	2	1	3	2	2	2	0	1	2	1	1	3	0	1	5	1	3	2	2	6	3	6	2	1	5	1	1	2	4	0	8	8	6	4	6	8	10	6	5	2	2	1	4	5	7	10	11	19	22	43	67	74	67	117	136	166	196	145	182	162	143	174	165	172	195	212	214	176	197	193	166	150	148	145	134	88	47	8	0	1
3	1	1	3	2	0	7	11	11	9	12	10	4	12	6	11	10	3	3	3	2	1	3	3	3	1	1	2	3	0	2	1	2	2	1	1	5	3	7	13	21	27	28	28	12	11	11	9	6	10	22	30	34	30	25	17	20	15	12	8	3	3	0	2	1	1	2	3	4	8	5	3	0	0	2	4	2	3	2	1	0	1	2	0	3	2	1	1	2	5	1	3	2	0	1	5	1	3	3	2	3	4	3	5	7	4	7	6	3	3	3	3	8	3	5	7	10	20	33	65	92	85	73	101	136	154	169	170	158	128	138	167	165	195	220	212	207	186	172	188	152	164	171	112	152	95	51	7	0	0
2	0	1	1	2	3	5	7	7	17	15	10	8	6	14	10	2	7	1	2	2	3	1	1	4	0	6	0	1	2	2	2	2	2	4	1	2	2	4	13	22	23	28	14	8	5	6	8	10	10	12	13	24	17	13	10	9	9	6	5	3	3	2	3	1	0	4	1	4	4	6	3	2	0	6	2	3	2	3	2	2	3	0	2	1	1	2	0	1	2	3	3	2	4	2	1	1	2	3	0	3	1	8	7	11	4	8	6	4	0	4	5	3	10	10	11	12	33	46	56	71	87	96	112	126	135	160	163	129	124	101	125	142	163	200	214	187	172	209	190	162	160	156	153	130	79	39	11	1	0
3	0	3	1	1	4	6	7	9	17	12	14	8	16	9	16	8	8	7	4	6	1	2	2	0	3	1	3	3	5	8	3	3	1	3	5	2	8	3	8	7	24	14	11	13	7	2	10	5	8	13	10	11	9	9	13	12	7	4	4	2	3	1	1	2	2	2	2	0	4	1	1	0	3	4	4	4	2	3	2	5	4	3	6	7	4	1	2	0	2	3	3	4	1	1	3	0	1	1	2	1	3	6	6	5	4	4	2	1	3	4	7	8	6	8	17	25	47	61	84	92	101	118	131	131	134	152	158	150	113	133	125	146	191	186	203	184	183	201	194	193	170	152	126	113	70	35	11	2	3
1	0	1	1	1	4	6	7	13	19	17	22	14	19	15	16	11	13	4	2	1	1	4	1	1	2	4	7	6	4	2	7	4	2	4	5	5	6	7	5	8	13	22	10	5	2	1	5	9	6	5	6	5	6	8	6	6	5	0	3	4	1	2	1	2	2	2	5	4	1	6	7	5	3	3	5	4	3	7	6	1	3	5	3	11	2	1	3	1	0	2	2	3	1	4	1	5	3	2	4	1	2	2	4	4	4	4	1	3	1	6	7	8	7	11	20	39	56	69	72	84	108	142	102	117	117	161	190	143	129	167	165	179	186	189	189	200	188	185	159	179	157	164	112	99	60	31	11	1	0
1	3	3	3	6	5	2	8	11	17	19	29	23	15	11	12	14	9	7	3	1	3	1	2	3	3	5	5	6	1	10	8	2	3	2	3	7	9	7	8	5	8	11	13	1	4	3	3	2	3	4	4	9	4	5	5	7	4	2	3	1	2	4	4	0	6	2	5	6	5	8	2	5	2	3	4	3	9	6	7	7	6	6	11	9	4	2	0	1	1	3	3	3	3	3	1	4	3	3	2	3	3	3	2	4	4	2	7	1	2	4	10	3	10	5	23	42	48	63	82	93	144	127	122	117	132	153	167	147	108	149	166	159	199	219	186	175	172	152	131	169	130	134	92	82	58	24	5	0	1
1	1	1	3	3	0	7	9	9	9	16	18	13	15	13	11	6	18	4	1	3	3	0	1	1	2	5	6	6	2	1	0	2	4	3	1	8	5	5	8	4	5	8	6	2	3	1	3	2	4	4	3	9	7	4	3	4	3	6	5	3	2	0	0	2	1	1	5	1	8	7	9	6	2	6	3	0	10	4	3	10	6	3	6	4	1	2	1	1	0	4	1	0	3	2	5	1	2	3	3	3	0	2	1	3	4	3	3	3	1	3	3	4	12	11	18	41	43	72	103	94	113	102	106	114	139	179	164	129	160	184	202	158	205	193	169	136	145	164	169	149	140	123	92	81	40	15	1	1	1
1	0	2	0	2	3	6	2	1	3	8	11	12	8	7	9	7	7	7	6	1	1	3	5	2	10	6	1	2	3	2	3	2	1	1	16	6	15	10	7	6	1	8	5	3	2	0	4	1	5	1	2	4	2	0	2	2	4	1	2	2	0	1	3	1	4	5	2	2	9	7	7	8	2	3	2	3	2	2	3	3	6	4	3	2	2	2	0	0	0	1	1	0	2	3	2	3	1	2	2	2	4	3	2	4	2	4	3	3	3	9	11	4	13	14	22	43	46	85	101	107	125	102	109	122	166	121	137	167	206	230	191	201	197	198	216	193	172	159	154	158	137	115	100	81	39	9	5	1	1
1	3	1	1	2	4	4	6	3	7	6	4	9	7	7	10	9	5	6	2	1	6	3	3	7	1	5	3	1	0	0	1	1	2	1	5	7	4	4	5	6	6	4	3	2	1	4	3	2	0	5	1	2	1	5	2	1	1	4	2	1	0	1	2	2	4	2	6	1	3	2	6	6	5	1	1	6	3	2	1	2	6	2	1	3	2	1	0	3	1	0	2	5	0	2	3	3	2	3	4	1	3	4	2	7	6	5	5	7	9	13	12	8	12	22	26	43	65	68	103	115	99	111	141	161	149	143	156	176	196	226	228	210	193	223	226	210	159	143	134	150	134	131	121	81	43	8	1	0	0
0	1	1	4	2	1	2	3	2	3	3	2	4	6	9	1	8	4	4	2	4	1	2	5	3	5	2	4	0	3	1	3	0	4	4	5	7	6	2	3	2	3	1	5	4	4	3	2	2	2	1	5	0	2	2	1	1	3	2	0	2	2	3	4	2	1	1	0	2	6	3	6	3	3	5	4	5	4	3	1	2	2	3	1	1	3	4	1	5	2	3	5	0	6	5	5	4	3	3	2	4	6	0	3	6	5	6	6	13	13	25	14	9	12	16	30	34	55	67	95	123	98	134	125	137	135	143	146	166	210	219	201	183	191	189	194	173	137	153	123	125	111	118	107	71	20	8	3	1	0
1	2	1	3	2	1	3	2	5	3	4	4	7	7	11	4	3	7	6	1	2	1	1	5	2	3	9	5	3	6	0	3	4	1	2	2	2	1	3	6	2	2	5	3	6	1	4	4	1	3	1	2	2	2	1	2	5	1	3	7	0	2	0	3	3	1	3	1	5	8	6	6	4	4	4	5	3	2	5	4	3	4	3	1	4	2	0	5	9	6	1	1	2	2	2	6	4	1	1	4	2	3	4	1	7	3	8	12	8	11	13	15	11	8	19	23	41	66	61	83	99	110	150	136	136	145	148	152	155	188	181	169	177	174	184	204	178	157	153	133	120	117	109	106	102	50	18	5	4	0
1	3	3	0	4	1	1	2	1	3	4	4	1	3	3	7	2	4	3	5	4	2	3	4	4	5	5	3	2	1	3	3	2	4	3	4	1	2	3	1	0	2	7	4	1	6	2	2	2	1	1	3	1	4	3	1	1	2	4	7	0	2	1	5	0	1	2	2	6	7	2	9	4	2	2	1	2	1	2	2	2	1	0	2	2	2	3	6	12	11	5	3	2	6	3	8	7	3	2	3	6	3	4	8	6	14	10	16	10	8	12	13	12	26	27	31	48	62	59	87	119	136	166	122	139	141	144	156	175	198	198	182	176	181	204	181	172	153	161	173	125	112	125	92	77	54	30	7	0	1
0	1	2	3	1	2	0	0	2	3	3	1	8	4	10	3	2	2	2	4	2	4	6	4	3	1	4	4	4	5	1	1	3	2	3	3	1	1	1	2	2	4	9	12	11	6	7	6	3	4	0	1	5	3	1	4	6	2	3	4	0	1	0	1	3	2	0	1	6	5	4	5	3	0	2	4	1	3	3	3	0	1	2	0	1	3	3	7	8	9	8	5	3	3	3	6	5	7	3	4	3	8	5	10	8	17	12	9	10	12	14	27	20	16	29	25	44	57	60	87	106	128	161	146	147	148	179	133	178	166	163	159	172	196	144	175	176	164	198	157	154	118	115	108	82	49	20	2	0	1
0	2	0	3	1	1	3	3	1	3	2	2	5	4	1	3	4	4	2	2	2	5	7	3	2	1	5	2	1	2	2	5	1	1	3	2	5	4	2	4	8	15	20	17	12	14	10	9	2	0	1	4	3	2	3	2	2	2	2	1	1	0	1	2	3	2	1	2	3	2	7	5	5	2	0	2	1	1	2	3	1	0	0	2	0	2	5	4	6	6	6	1	3	2	9	8	5	11	3	3	6	5	8	7	14	12	9	10	13	12	10	14	20	17	27	37	51	48	63	79	115	128	136	102	133	148	135	154	158	219	222	195	197	176	156	156	157	197	195	177	160	137	117	90	90	54	29	5	0	1
2	1	3	3	4	1	0	4	2	2	4	1	1	0	2	1	4	3	4	9	1	4	3	1	3	3	2	0	1	1	3	2	3	0	2	2	2	4	3	5	6	16	30	21	17	14	7	4	2	2	3	5	2	2	3	5	1	2	2	1	5	2	0	0	6	5	0	5	3	3	5	2	3	1	0	0	0	1	4	3	1	2	3	0	2	2	2	5	6	1	6	5	2	3	5	4	9	8	7	4	7	3	3	7	16	11	8	9	9	10	10	17	19	22	36	44	46	61	66	86	116	114	102	89	114	160	152	177	213	220	216	194	206	192	161	178	189	202	161	180	122	122	94	91	97	42	21	4	1	0
3	3	2	2	3	2	2	3	2	2	0	5	4	1	3	0	4	2	2	2	2	3	0	2	1	3	1	4	4	4	1	1	1	3	0	1	0	3	7	9	12	28	38	31	23	15	11	4	6	3	5	5	7	3	5	2	5	1	0	0	1	2	3	1	3	1	1	2	2	2	1	3	1	2	0	0	0	3	3	3	0	1	2	0	2	3	3	2	2	6	2	3	4	2	7	8	5	5	9	5	8	18	11	17	13	10	11	6	14	10	9	19	19	27	37	41	44	70	63	69	95	125	136	111	142	165	185	210	203	212	186	179	224	189	171	178	162	208	179	149	130	118	109	92	84	40	8	2	1	0
6	0	2	1	2	3	2	1	3	1	2	2	3	3	7	2	3	0	1	1	3	1	1	1	2	1	3	3	1	3	2	4	2	3	2	1	2	5	9	10	15	52	41	32	15	7	7	2	3	3	1	4	10	4	3	3	0	2	1	0	1	4	0	0	2	1	2	4	4	5	6	2	0	2	2	1	1	1	1	0	3	0	1	2	1	2	1	6	3	4	3	4	7	6	6	9	7	7	6	8	14	13	16	12	9	6	4	3	7	6	12	15	20	20	35	49	61	79	68	51	100	118	120	141	173	160	176	179	206	174	187	167	184	216	198	195	201	170	166	170	125	106	133	101	57	35	6	1	0	0
0	5	1	4	5	3	2	2	5	3	3	5	6	5	2	1	2	5	2	0	0	3	0	0	4	2	3	2	4	1	1	1	2	0	3	0	4	9	12	12	26	44	40	40	18	9	7	4	1	4	0	3	1	3	4	2	0	2	0	3	5	2	2	0	1	2	6	1	4	6	4	4	1	2	1	3	4	1	0	2	1	1	1	3	1	2	4	3	1	1	3	1	1	1	13	14	14	8	4	5	11	11	9	8	11	7	9	4	3	4	5	8	11	34	32	53	61	74	76	65	70	104	136	148	139	176	170	167	176	175	153	163	155	191	233	218	193	188	190	195	149	116	95	85	84	37	11	3	1	1
4	1	5	7	3	5	0	4	0	6	10	13	6	6	4	1	3	1	1	3	0	2	2	1	3	3	7	2	2	2	2	10	5	1	6	2	4	12	15	14	38	53	60	48	20	20	6	10	5	4	2	1	0	1	2	2	2	0	1	1	2	2	4	3	4	4	4	3	1	1	0	0	0	2	4	0	2	1	0	2	1	0	1	3	2	2	1	1	3	2	2	4	3	4	4	6	10	5	4	10	2	9	9	13	7	5	8	5	6	5	5	8	13	30	32	36	62	82	86	83	88	104	137	148	170	131	164	155	153	192	194	202	180	212	184	172	197	173	157	158	126	113	109	89	86	35	6	1	0	0
6	7	9	9	5	6	3	5	3	5	6	13	10	5	4	1	2	1	0	3	2	2	1	1	1	1	2	0	4	2	2	1	1	4	0	2	4	8	7	16	44	65	75	49	33	9	8	3	2	3	2	3	1	1	4	1	5	2	5	2	0	0	4	0	2	3	1	1	3	4	1	4	0	1	4	0	2	0	1	1	3	1	0	3	0	0	2	2	2	1	4	4	3	3	6	7	8	3	6	8	2	7	13	11	6	3	5	6	6	8	10	14	22	21	38	37	52	67	98	88	108	111	110	137	144	167	188	180	195	197	189	183	197	198	160	147	145	143	156	156	142	117	108	100	68	35	12	1	0	2
4	13	14	8	5	3	3	4	3	7	9	10	9	5	3	4	1	2	2	4	2	2	2	2	4	1	2	0	2	4	4	1	3	0	2	5	5	6	13	21	54	59	68	52	20	14	5	5	2	3	1	3	4	1	1	1	2	3	2	0	0	2	3	1	6	5	2	1	1	2	2	4	1	6	1	1	0	3	1	0	4	2	2	3	1	1	1	2	1	3	5	4	2	2	4	6	11	10	2	7	8	7	6	10	4	4	1	6	4	5	11	17	25	28	35	39	62	87	95	89	111	92	119	122	163	143	137	174	175	182	193	173	211	170	189	155	142	112	142	147	145	122	111	109	85	45	17	2	0	2
5	14	26	14	11	9	10	4	7	6	6	7	3	5	3	1	1	1	1	1	1	4	0	1	6	4	0	1	0	1	2	0	2	3	4	2	3	8	7	15	16	46	43	38	23	5	3	0	3	3	2	3	1	3	1	2	5	3	2	2	2	4	3	0	1	3	2	3	1	1	1	0	0	2	1	3	3	3	2	1	2	0	0	0	2	3	2	1	4	0	0	2	3	3	4	5	5	6	7	4	6	9	6	8	4	6	4	2	2	6	13	17	29	40	67	65	60	59	100	85	100	101	105	118	138	161	150	167	190	182	191	201	228	197	179	151	114	114	148	157	134	144	116	108	71	38	10	3	1	0
7	9	12	23	10	7	6	5	5	3	8	4	8	4	2	2	0	0	0	0	0	1	2	0	9	2	3	1	0	3	1	0	2	4	2	2	2	4	6	10	13	33	32	25	12	8	4	1	4	3	0	2	2	1	1	1	2	4	5	3	3	1	1	2	3	3	3	1	5	3	2	1	4	3	4	2	0	0	0	3	2	3	0	2	0	3	6	4	0	2	4	1	4	1	3	2	3	8	3	7	5	8	3	3	4	4	5	2	4	2	11	12	25	44	60	61	76	92	89	102	120	106	128	132	180	168	156	169	167	223	207	179	198	197	184	138	108	132	132	134	121	150	113	109	77	31	9	0	0	0
2	8	9	10	7	1	6	8	4	6	7	4	10	7	2	3	1	0	1	2	5	0	2	0	2	3	1	1	2	1	0	2	1	1	5	2	0	2	6	8	13	14	15	18	5	4	1	2	2	2	1	3	1	3	2	0	3	3	3	3	1	4	4	3	2	4	5	5	3	3	2	1	1	1	3	1	1	1	3	0	0	0	1	0	2	1	4	3	0	1	1	4	4	1	2	5	3	3	11	11	5	5	3	5	3	4	3	3	4	5	13	19	26	44	38	82	105	85	108	106	118	115	105	130	189	185	182	188	173	174	224	213	206	206	209	168	134	120	128	107	142	147	123	109	55	22	9	2	1	0
3	7	5	5	5	5	3	4	2	4	3	1	4	4	6	2	2	2	3	1	1	0	1	1	0	3	0	3	3	3	1	2	1	0	0	1	0	4	2	6	9	10	11	7	5	2	5	2	3	1	0	0	1	2	4	2	4	1	2	3	9	2	4	3	3	4	2	6	3	1	3	1	4	1	3	1	3	0	2	1	3	2	0	1	1	1	1	1	4	0	1	2	3	3	3	4	2	10	10	9	7	1	3	2	2	2	2	3	5	10	12	30	29	40	61	78	69	82	91	114	96	105	139	152	173	189	174	158	163	214	205	221	213	190	179	129	129	133	143	136	159	162	121	94	43	21	3	0	0	0
3	4	8	4	3	2	5	1	0	3	2	2	8	3	4	5	1	0	0	2	2	1	0	2	0	0	0	0	0	3	2	2	2	0	4	2	1	2	4	4	7	5	4	4	1	3	3	2	4	2	1	4	4	0	1	6	3	3	5	5	2	6	3	3	3	0	1	1	2	0	2	2	2	1	0	5	2	1	0	2	0	2	0	0	1	5	0	3	0	1	3	4	3	5	2	3	7	4	6	13	7	7	1	4	2	2	3	4	3	7	10	13	18	43	55	83	80	66	79	83	108	91	132	126	174	167	140	133	165	193	187	167	174	153	127	130	128	158	154	149	151	150	132	67	51	10	1	0	0	0
0	6	5	4	3	3	1	2	0	0	4	3	5	4	1	6	1	1	3	4	1	3	1	2	1	1	1	1	2	0	1	0	2	1	2	3	1	0	2	2	1	1	2	5	3	1	2	1	2	2	3	3	1	1	3	5	3	5	3	7	6	5	4	4	3	4	4	2	2	1	4	3	3	0	1	1	0	2	0	4	0	0	1	2	1	1	1	3	3	2	1	3	3	6	3	3	2	8	5	3	3	5	3	1	2	1	2	3	6	10	15	16	22	59	76	76	56	60	93	82	89	98	101	100	133	138	129	107	132	183	204	154	127	154	136	132	143	159	144	141	142	134	123	104	44	12	1	0	0	0
1	4	5	1	6	2	5	4	2	2	2	2	3	7	5	2	2	2	3	4	3	2	2	2	2	0	1	0	2	1	1	1	2	2	1	1	0	1	0	0	2	3	2	2	2	1	2	0	1	3	3	1	1	1	2	1	1	4	8	11	4	3	6	3	7	4	1	0	3	1	3	5	5	0	0	2	0	1	3	1	3	1	1	0	2	1	0	1	1	5	1	4	1	4	4	3	3	8	7	5	2	6	1	3	2	2	4	5	2	6	15	21	38	57	63	64	67	78	81	64	77	78	116	94	110	144	140	115	126	140	171	156	152	183	164	138	167	149	161	125	126	140	114	97	50	12	1	0	0	0
1	2	2	0	2	0	1	2	2	0	0	2	4	2	3	4	1	3	2	2	1	4	2	1	5	1	4	3	1	4	1	1	2	2	3	0	1	0	5	3	2	0	0	4	0	2	0	1	4	2	1	1	0	3	4	4	4	5	4	9	7	9	5	3	5	4	1	2	3	2	2	4	3	1	3	3	3	1	1	1	0	1	2	5	0	3	0	2	0	1	3	2	5	1	5	1	3	5	5	2	1	2	2	2	3	4	0	6	6	8	12	23	29	37	53	74	85	68	59	72	68	88	107	98	119	148	161	140	148	165	173	175	165	186	168	161	161	135	141	134	130	122	141	98	72	13	1	0	0	0
3	1	1	1	1	3	2	1	1	1	0	4	0	5	0	2	5	2	2	2	1	1	0	3	1	3	1	1	3	2	1	2	1	0	0	2	1	2	2	1	1	2	1	3	1	1	2	2	2	2	4	2	4	2	4	5	2	2	3	7	3	5	3	1	3	5	5	2	2	2	2	2	2	0	1	0	0	1	2	6	1	3	0	4	2	0	2	2	3	2	4	2	2	3	5	4	4	4	5	5	4	2	1	3	1	4	4	4	6	6	21	18	26	46	55	69	86	83	58	79	61	76	91	88	91	131	150	173	120	144	167	237	217	171	180	164	143	139	135	139	141	114	125	135	62	8	2	0	0	0
0	2	1	1	3	5	2	5	1	4	2	1	1	0	5	2	3	1	4	2	2	2	0	4	1	0	4	3	2	0	2	0	0	4	0	2	1	3	2	2	3	3	1	3	2	5	1	0	1	3	4	1	2	4	6	2	2	0	3	5	7	6	9	8	5	3	2	0	2	2	2	4	1	2	3	1	1	1	3	3	0	2	0	3	1	1	1	3	2	1	3	4	1	1	1	3	5	2	2	1	3	0	1	3	1	6	6	4	4	13	19	18	30	55	62	83	113	79	76	62	84	77	97	88	109	119	123	157	118	124	182	191	188	163	159	171	159	141	150	145	109	104	121	115	49	6	0	0	0	0
2	2	0	1	1	2	2	2	0	3	1	3	1	5	0	0	0	3	0	3	1	2	1	2	3	2	2	1	2	1	2	1	0	0	5	0	1	2	2	1	3	0	0	0	3	3	1	2	3	5	0	0	4	5	2	3	2	3	7	5	1	3	4	3	1	6	4	3	2	2	2	1	4	2	1	1	1	0	1	0	4	1	1	4	1	1	3	2	1	2	0	2	4	3	2	5	5	3	3	3	0	3	1	1	2	4	8	10	8	9	26	26	28	63	100	130	127	87	65	83	81	87	87	109	97	133	128	159	142	132	144	178	190	188	188	172	170	175	147	136	114	129	115	89	55	9	0	0	0	0
1	3	0	3	0	3	1	0	0	0	3	3	1	3	0	3	1	2	1	0	3	2	3	2	0	5	1	1	0	4	4	2	2	0	0	0	2	0	2	0	2	1	6	3	2	2	1	2	1	3	3	4	1	3	3	5	4	2	6	4	9	5	8	5	6	8	9	7	9	2	1	2	2	3	3	1	3	1	0	1	1	1	4	1	0	0	2	2	2	1	5	3	0	0	1	4	11	6	0	2	0	2	2	4	5	10	7	12	9	12	17	19	27	46	86	117	115	86	69	77	86	91	122	128	139	152	168	189	162	176	182	188	189	187	178	171	166	144	164	127	121	92	84	69	22	8	0	0	0	0
3	3	1	0	2	1	2	0	0	5	1	3	4	3	2	1	1	3	4	0	2	1	1	2	3	2	3	1	1	1	1	1	0	3	1	1	1	0	0	1	1	1	7	3	4	2	6	3	1	5	1	1	2	2	5	4	5	10	2	4	5	5	7	7	7	10	11	5	5	1	4	3	1	0	1	1	1	0	2	0	1	2	0	3	4	1	2	3	3	3	1	3	1	2	3	4	6	3	0	1	3	4	5	8	8	8	7	10	12	19	22	29	23	51	73	106	85	76	66	64	81	82	111	143	135	160	157	150	158	179	170	163	153	173	167	181	175	161	140	132	111	98	57	53	13	3	1	2	0	1
0	0	0	2	2	0	3	0	1	2	1	2	1	5	2	2	0	0	1	2	2	2	2	1	2	0	3	1	0	1	0	3	2	0	0	2	1	1	1	1	2	1	1	1	6	1	1	1	1	1	1	3	1	2	6	3	2	1	4	9	13	5	10	19	11	15	10	11	9	2	4	5	2	1	3	1	1	1	1	1	2	2	1	0	5	5	3	6	5	1	3	0	3	3	2	3	2	3	3	1	1	5	10	6	12	13	16	17	23	20	19	23	39	51	54	64	74	88	52	87	92	106	109	115	116	111	152	142	161	168	162	140	154	173	177	167	163	148	150	97	97	86	73	30	17	0	0	0	0	0
0	3	2	0	2	3	1	0	0	3	2	1	2	1	2	1	0	1	3	2	0	2	3	0	1	3	2	2	1	1	4	0	0	1	2	1	0	2	1	0	2	3	2	3	2	3	2	2	2	2	4	1	2	2	2	4	4	6	2	8	5	8	9	12	16	16	13	13	6	2	6	6	1	1	1	0	2	0	4	2	1	1	4	0	1	3	3	4	3	9	4	4	2	3	6	1	3	1	2	4	0	3	2	7	5	8	18	18	26	24	28	22	36	49	54	60	83	59	79	69	77	120	126	103	122	147	135	150	167	171	138	153	155	157	179	143	144	125	142	106	79	78	50	24	8	1	0	0	0	0
1	2	5	0	1	3	3	0	2	3	1	2	0	3	1	0	0	1	3	1	3	0	1	3	0	6	2	3	1	4	1	0	3	1	2	0	4	1	1	0	0	0	1	3	2	1	0	1	1	4	2	0	4	2	1	2	5	2	8	10	6	17	20	10	20	31	16	9	5	2	4	2	3	1	2	2	1	1	5	1	2	0	1	0	2	4	1	4	5	5	9	6	2	3	1	3	1	4	4	6	3	8	9	8	11	23	21	21	26	26	30	32	39	42	64	70	75	72	70	82	92	114	102	121	138	139	139	134	154	177	167	142	143	169	226	178	149	138	130	116	104	75	52	13	9	1	0	0	1	0
0	0	1	1	2	0	0	2	3	2	0	2	2	3	0	1	0	2	3	0	1	3	4	1	0	0	1	2	2	1	0	0	0	0	2	1	2	1	3	2	1	4	0	1	2	2	1	5	2	2	2	3	2	3	2	1	6	3	5	9	7	19	28	27	16	26	12	2	2	3	1	4	3	1	2	0	3	2	2	3	2	2	1	1	3	2	4	1	7	11	9	6	3	6	4	3	3	3	2	7	7	10	10	13	12	21	14	19	20	19	32	24	38	63	79	101	87	91	90	64	101	98	86	116	132	169	168	163	196	177	168	174	185	198	234	189	168	141	130	110	84	61	40	6	4	0	0	0	0	0
0	0	2	0	1	0	3	3	0	1	1	0	0	0	2	1	0	0	0	2	1	0	3	1	3	1	4	2	2	0	1	2	1	0	0	2	4	2	3	3	0	3	1	3	0	0	1	1	4	1	2	2	3	2	4	2	3	6	5	8	22	17	29	12	20	9	9	3	4	2	1	1	3	5	1	2	2	3	3	4	2	1	2	0	6	5	1	5	5	5	9	5	7	5	4	4	3	5	5	6	5	8	7	16	13	18	26	32	18	33	44	35	56	63	71	103	95	74	87	93	104	100	100	91	131	149	147	186	195	188	164	194	206	204	201	209	157	140	121	107	95	57	21	13	1	2	1	0	0	0
2	0	0	2	1	1	1	1	0	1	3	0	2	1	1	1	1	0	1	3	2	1	1	0	4	2	1	2	0	1	2	1	1	1	1	3	0	3	2	2	4	2	1	4	1	2	1	2	0	1	1	2	4	3	4	3	0	4	4	7	14	11	17	13	12	12	6	3	4	2	1	2	2	4	2	0	1	3	1	0	3	5	0	1	1	2	5	2	3	8	2	3	2	1	4	2	3	3	3	12	10	11	10	23	24	29	28	24	34	43	45	47	52	62	58	68	81	68	103	93	136	132	120	117	104	135	192	203	179	158	200	198	219	203	218	166	149	136	144	97	76	57	13	5	2	1	0	0	0	0
3	1	1	1	0	1	1	0	1	0	1	0	3	4	0	1	2	2	1	1	0	0	0	1	1	4	3	1	2	2	2	2	2	5	1	0	3	2	0	1	4	3	2	5	2	3	5	1	0	2	2	2	3	6	0	3	3	4	2	3	8	10	7	9	10	3	6	2	4	2	1	2	0	4	2	4	0	6	0	3	1	0	2	2	3	1	3	4	1	2	2	5	1	9	5	4	3	3	4	10	10	14	13	19	18	23	24	21	38	51	61	54	48	57	67	68	86	73	98	78	125	140	155	151	123	129	157	191	194	145	183	164	161	182	180	179	142	133	102	77	56	30	13	2	7	0	0	0	0	0
1	1	0	2	4	0	2	0	3	3	1	0	3	1	2	0	0	1	2	3	2	2	2	3	1	0	3	3	3	1	3	2	0	1	1	0	1	2	2	4	2	2	3	1	1	4	0	4	2	3	3	1	3	7	1	4	3	3	4	3	6	9	4	4	5	2	3	4	3	3	5	3	4	2	2	0	0	0	0	1	4	1	5	1	1	3	1	0	5	2	5	6	5	4	3	1	6	6	10	17	19	19	26	20	29	24	30	40	46	49	57	76	60	84	76	50	63	87	77	97	170	177	145	146	129	151	187	191	192	157	163	179	175	165	175	152	134	99	106	73	48	24	5	4	3	1	0	1	0	0
1	1	1	1	3	1	2	0	1	2	1	1	0	0	1	0	3	0	1	0	1	2	2	3	2	2	2	3	0	3	0	2	1	2	1	1	1	0	2	2	3	1	2	2	2	3	2	2	1	4	2	4	2	6	3	3	3	1	1	6	5	3	7	4	4	2	4	3	4	1	1	3	2	5	2	0	1	0	2	1	4	2	3	1	1	2	5	4	5	3	5	9	4	3	6	5	7	11	14	11	27	29	44	27	22	37	39	50	54	84	64	72	81	73	76	73	77	81	87	134	174	157	137	158	164	181	163	192	182	163	186	160	176	189	160	132	118	112	99	64	29	13	5	1	1	0	1	0	0	0
1	2	2	2	1	1	2	2	0	3	3	1	3	1	1	2	0	1	2	2	2	2	2	0	1	0	3	0	2	1	1	4	0	0	1	0	2	2	3	3	0	3	2	1	2	0	1	1	2	2	0	3	3	2	2	2	3	5	1	1	7	2	4	3	2	3	4	2	3	7	4	5	2	4	0	0	2	1	1	2	2	2	5	5	2	5	3	6	7	4	2	6	5	5	6	13	7	23	10	16	22	25	25	16	29	42	54	75	66	68	62	89	72	77	77	83	75	99	114	160	179	126	118	131	129	181	166	177	153	166	158	186	186	169	163	146	119	124	119	62	27	11	5	5	0	0	0	0	0	0
0	0	1	2	3	0	1	0	2	1	2	1	1	1	0	1	1	1	5	2	0	2	3	1	2	0	1	1	2	1	0	3	1	3	0	1	3	1	0	2	4	2	1	1	0	3	1	1	1	2	1	2	2	3	0	1	0	4	0	3	2	1	1	2	0	0	1	1	0	0	4	2	2	1	1	0	2	0	0	2	0	3	2	1	6	3	2	3	3	6	7	5	2	4	7	19	21	24	12	20	8	24	20	23	24	30	42	50	52	46	75	77	100	86	88	78	77	90	108	129	135	104	104	150	144	127	129	161	175	197	186	175	168	165	171	156	140	131	98	76	38	20	8	3	1	0	0	0	0	1
2	1	2	2	2	0	0	3	2	2	1	1	1	1	1	2	0	1	2	0	0	2	3	2	0	2	3	0	4	0	2	0	1	1	1	3	0	0	2	2	1	2	0	3	0	2	0	4	1	2	2	0	2	3	1	1	1	0	1	2	2	1	3	1	4	1	2	1	1	2	3	1	2	1	1	0	0	4	0	1	0	0	2	4	5	5	4	5	9	8	7	6	9	12	12	26	26	19	7	15	15	14	16	14	18	28	33	37	52	46	62	90	96	99	69	78	89	79	104	120	145	121	125	122	134	108	133	152	151	141	150	153	175	162	174	148	120	128	100	78	46	23	3	1	3	1	0	0	1	0
0	2	2	0	1	2	1	1	0	1	1	1	1	0	1	4	1	1	2	2	2	1	1	2	4	2	2	0	2	3	1	0	1	1	0	0	2	3	2	4	1	4	3	3	2	3	1	0	0	2	3	2	2	1	2	1	1	3	2	3	1	1	0	0	1	1	4	1	2	2	3	0	3	3	3	1	3	2	1	5	2	2	2	9	4	1	2	5	9	4	5	3	6	6	16	18	15	10	8	5	7	5	17	12	20	26	18	35	48	45	86	112	107	100	94	82	78	104	132	154	147	146	157	202	162	124	152	148	143	157	133	170	153	168	151	155	131	112	98	80	33	8	4	0	0	0	0	0	0	0
1	2	1	4	1	2	1	0	0	1	3	0	1	1	0	2	3	3	2	0	1	3	0	2	1	3	2	0	2	2	2	0	1	2	3	2	3	0	4	2	3	1	3	2	2	5	3	1	1	1	2	1	3	3	3	2	2	0	4	1	4	1	2	0	1	0	1	2	0	0	2	2	2	5	2	1	4	3	0	2	1	1	5	6	4	12	8	5	7	3	4	11	10	14	28	19	11	9	5	8	10	11	15	13	23	22	27	36	44	62	95	114	109	100	89	92	106	136	121	129	159	174	166	166	176	186	157	156	139	156	158	149	160	172	188	142	149	143	94	60	29	10	0	0	2	0	0	0	0	0
2	2	2	1	2	0	2	1	1	1	2	0	1	0	0	5	1	0	1	1	1	1	2	2	1	2	2	1	2	2	0	0	0	2	3	0	1	2	2	3	2	2	4	1	5	1	1	4	4	1	3	2	0	3	6	2	1	0	0	1	2	2	2	0	1	1	2	1	1	2	0	2	3	1	1	1	2	4	2	1	5	8	14	8	14	13	8	10	6	4	4	9	15	23	27	14	4	8	5	7	3	5	6	27	20	22	24	46	47	52	97	104	107	116	88	106	114	128	110	155	167	156	188	139	176	192	189	180	165	158	139	138	145	174	159	163	193	133	88	66	29	7	1	0	0	0	0	2	0	0
1	1	2	0	1	1	1	3	1	0	3	2	1	1	2	1	1	3	1	1	2	1	0	2	1	3	1	2	2	0	2	3	0	3	1	4	2	3	5	1	0	5	0	0	1	2	1	3	3	2	3	3	5	3	5	1	1	2	1	3	0	4	0	1	2	2	2	1	1	1	1	4	2	3	8	3	3	2	2	4	3	3	6	9	9	14	16	8	9	9	4	6	8	25	23	23	8	8	12	5	6	11	18	23	19	31	23	36	38	64	83	99	130	107	98	119	150	108	131	146	154	141	158	153	177	165	190	183	192	148	127	131	140	164	174	179	155	149	97	75	30	8	0	0	0	1	0	1	0	0
4	3	3	1	1	2	2	2	1	3	1	2	0	2	2	0	3	2	3	0	3	0	1	2	5	2	1	0	4	1	1	3	2	2	1	2	1	1	2	1	0	1	1	1	0	3	3	2	1	4	3	2	5	1	2	1	5	2	4	1	1	2	3	1	2	0	4	1	1	0	3	1	0	1	6	4	5	2	1	2	4	7	6	9	12	8	11	6	5	2	10	10	13	14	19	11	4	3	8	10	3	16	15	19	20	23	22	31	38	56	86	78	123	106	143	166	135	149	156	155	150	149	161	177	146	161	173	210	191	152	116	93	138	137	164	155	184	135	122	79	43	18	2	0	0	0	1	0	0	0
1	2	3	2	2	1	2	1	0	1	1	1	1	0	1	1	1	0	2	2	3	1	2	1	3	3	1	0	0	1	2	1	3	1	2	3	2	4	1	4	1	0	0	2	4	3	2	1	2	1	5	1	3	2	1	4	4	1	3	0	0	2	1	0	1	4	2	2	5	3	3	2	8	7	8	4	4	6	7	7	4	3	8	7	10	7	11	4	6	4	6	10	5	3	4	9	8	8	12	12	16	8	10	10	13	18	22	31	41	42	69	87	104	104	128	145	148	134	147	148	137	161	167	159	151	164	217	187	170	129	82	99	135	150	156	171	156	131	98	98	64	35	4	0	0	0	0	0	0	0
0	2	1	1	1	4	1	0	0	1	0	1	3	1	3	1	2	1	0	0	1	3	0	1	3	3	1	1	1	1	3	3	3	6	1	2	3	2	0	1	3	5	1	0	3	2	1	1	1	1	3	2	1	2	1	7	9	9	2	2	2	5	1	0	0	2	2	2	3	7	4	8	7	5	7	5	12	5	4	3	3	6	6	5	8	8	7	5	5	6	4	12	6	6	5	6	5	16	15	11	17	9	17	12	15	16	35	48	73	57	66	67	76	89	121	129	128	103	135	132	127	166	186	135	173	172	196	196	154	145	104	114	170	189	191	166	184	146	116	132	91	33	12	0	0	0	0	0	0	0
0	1	2	5	1	4	1	2	3	3	1	1	2	1	0	2	1	1	2	2	1	1	1	2	0	3	2	0	0	0	3	0	3	3	1	2	3	2	4	4	3	1	0	1	1	2	0	3	3	1	1	3	3	1	6	6	3	6	1	1	2	1	1	2	1	3	3	3	5	8	6	6	8	9	13	9	11	12	8	4	11	7	8	5	8	9	11	9	2	2	6	5	5	2	6	6	7	10	14	21	23	18	8	4	6	16	29	38	73	74	68	76	88	96	104	120	115	123	158	150	140	171	187	182	173	161	157	194	156	144	137	183	186	217	184	198	163	171	167	149	101	54	13	1	1	1	0	0	0	0
1	2	3	0	0	2	4	0	2	2	2	0	2	2	2	0	2	1	0	3	0	2	2	2	1	1	0	1	2	1	3	8	5	2	0	1	0	1	3	0	2	1	1	2	0	0	0	1	3	2	5	4	3	6	7	4	10	8	4	1	1	3	1	3	3	1	3	2	5	1	10	6	3	5	9	11	13	11	7	9	6	3	8	8	14	12	5	11	6	6	3	7	4	5	7	6	4	9	11	13	19	12	8	10	18	17	30	54	69	61	60	70	96	96	115	128	132	158	145	186	185	209	198	200	181	163	172	208	207	163	190	177	184	196	185	181	161	200	167	124	98	36	12	2	0	0	0	0	0	0
0	2	1	2	0	1	3	2	1	2	1	0	1	1	1	0	2	2	0	1	3	2	2	2	1	1	1	2	2	2	2	3	3	1	2	3	1	0	3	2	1	4	2	1	1	3	4	1	3	6	4	4	3	3	2	4	7	5	6	3	3	4	3	3	3	1	8	3	8	8	8	1	6	4	13	19	16	15	14	5	7	6	8	10	8	5	4	2	6	5	4	0	5	5	1	2	1	2	8	14	8	6	11	13	9	15	19	50	70	67	61	62	64	90	120	129	147	183	168	208	190	206	189	194	174	169	175	200	200	195	190	168	195	174	168	186	201	192	160	150	94	53	25	5	1	0	0	0	0	0
4	2	0	1	2	3	3	1	1	3	4	5	2	2	0	2	3	3	4	0	0	1	2	3	2	1	1	1	1	0	3	1	3	1	2	0	1	1	3	1	5	9	7	4	1	1	2	5	0	3	4	5	5	3	5	4	8	13	4	10	8	1	5	8	10	2	5	5	10	12	9	12	14	11	13	12	10	11	7	9	7	6	5	3	6	7	6	19	9	8	6	3	2	2	0	2	8	6	11	12	13	8	6	13	9	20	34	51	68	61	52	59	74	80	95	145	183	197	182	185	200	211	177	198	166	142	175	186	197	187	191	201	179	181	177	174	198	199	193	134	100	66	21	9	1	0	1	0	0	0
1	1	3	0	2	2	3	3	4	2	1	1	2	1	1	4	3	2	2	2	0	2	1	1	4	0	1	3	1	2	2	1	1	3	6	0	3	2	3	5	6	9	5	4	0	3	2	2	1	6	3	8	1	2	1	3	6	15	9	6	5	2	4	2	6	8	10	13	19	14	7	10	3	6	10	18	14	10	5	5	2	1	5	5	6	8	9	13	8	2	7	1	2	4	2	3	7	7	8	6	9	9	6	7	11	16	22	44	58	55	64	74	74	83	118	147	173	186	177	143	179	175	169	143	156	135	182	195	213	177	202	186	190	187	222	193	182	180	182	141	124	59	26	6	1	0	1	0	0	0
3	2	0	1	3	2	5	0	1	2	1	0	3	2	2	2	0	2	0	0	4	2	2	5	0	1	2	1	2	2	4	2	4	1	4	1	5	8	4	4	5	7	6	5	2	1	1	1	1	3	6	3	3	3	1	5	4	7	7	5	5	5	5	3	5	16	18	28	14	19	6	5	13	11	8	14	10	4	2	5	2	3	9	3	8	13	7	7	8	5	3	2	5	1	2	5	10	7	9	14	6	9	6	9	14	29	28	32	46	41	58	71	80	96	130	138	167	191	178	125	105	134	155	150	138	150	206	224	225	188	174	163	194	179	200	224	207	186	168	161	127	80	20	3	0	0	0	0	0	0
1	0	2	4	5	4	5	3	0	2	3	3	3	2	3	3	0	2	0	0	1	1	2	1	2	2	0	0	2	1	1	3	1	2	3	4	9	11	10	7	5	5	3	5	2	2	5	0	2	4	1	2	0	1	5	1	1	7	11	9	7	6	5	16	12	19	32	37	26	18	17	10	9	10	10	8	12	9	3	3	6	0	4	6	4	6	10	5	5	5	3	4	6	2	3	2	7	7	7	6	6	11	9	15	13	14	37	28	40	35	56	72	75	126	139	123	128	163	142	127	108	100	112	117	156	165	202	218	219	211	197	171	152	194	204	228	207	207	157	149	139	87	26	5	0	0	0	0	2	0
1	1	2	1	5	3	4	1	4	2	2	1	1	1	1	2	1	0	3	0	3	1	0	1	1	1	1	1	3	5	4	2	2	0	3	7	14	15	19	21	11	4	9	4	4	4	3	2	2	1	0	2	2	1	2	3	4	6	5	3	8	5	15	19	21	58	49	37	22	16	12	9	11	9	8	3	9	2	5	4	1	3	4	5	6	9	11	7	7	5	3	3	3	5	4	7	5	6	7	9	12	3	11	17	16	18	19	21	31	41	57	63	83	113	115	100	114	138	149	146	125	113	116	154	190	228	263	260	265	248	235	195	163	167	212	208	212	179	162	162	114	69	15	2	0	1	1	0	0	0
0	0	5	6	6	1	2	4	2	1	2	3	0	2	2	2	3	2	2	5	1	2	0	2	0	3	1	2	3	4	1	2	3	4	3	14	14	25	19	15	6	4	5	7	3	3	2	2	2	1	4	0	0	5	2	4	7	3	10	7	5	12	10	27	35	42	47	37	25	11	13	14	7	14	6	10	4	1	4	3	0	4	5	2	6	7	9	4	4	12	6	6	13	4	14	5	6	13	15	14	14	17	31	29	26	18	15	27	22	40	51	59	88	111	99	99	127	146	155	165	153	123	151	200	206	227	221	246	250	280	238	211	200	234	223	216	194	187	188	208	162	91	30	3	2	0	0	0	0	0
4	4	3	3	3	0	4	2	2	3	0	0	1	4	3	0	3	4	1	3	2	3	2	2	2	0	0	1	1	2	2	4	2	3	6	10	31	16	22	17	9	2	3	2	3	1	1	1	1	1	1	1	3	6	5	6	5	7	9	5	7	10	8	19	8	31	34	20	12	5	11	3	6	1	0	12	1	7	2	1	8	1	1	1	1	7	3	7	10	4	6	19	18	7	12	18	17	23	9	17	23	25	37	45	28	28	16	22	38	43	51	51	78	95	109	121	129	142	159	185	156	179	181	222	226	223	223	236	219	236	204	209	204	241	211	198	185	187	173	208	136	81	21	5	0	0	0	0	0	0
1	1	2	7	7	6	5	2	2	0	2	1	3	2	2	1	0	2	0	0	2	1	1	2	2	2	3	3	3	3	5	4	3	4	11	15	20	20	10	8	9	3	1	1	2	2	2	0	2	1	1	3	0	2	4	4	9	12	6	11	10	9	8	9	14	15	14	16	19	13	9	3	4	4	2	6	6	8	5	2	3	4	5	4	4	3	9	9	9	9	23	21	18	13	6	13	21	25	45	24	34	23	38	37	36	23	14	18	35	40	45	50	79	116	101	119	154	139	198	200	178	182	170	214	198	221	239	242	222	220	211	218	221	215	222	206	199	186	172	153	113	55	16	1	0	0	0	2	0	0
0	4	3	9	9	4	6	3	7	2	2	1	0	0	0	1	1	3	1	1	2	0	2	1	1	1	1	3	2	0	4	2	1	6	6	4	11	12	6	4	3	1	3	3	4	3	4	3	1	1	2	2	3	6	2	5	8	10	7	13	10	5	14	13	18	17	17	21	10	10	6	4	5	4	4	5	5	6	5	4	5	3	2	9	3	4	7	2	7	7	15	18	20	17	6	20	27	23	35	35	27	23	21	20	21	18	22	17	32	39	41	61	83	75	85	96	113	133	213	196	199	179	219	211	227	207	242	239	214	220	234	224	221	201	230	173	183	190	165	127	67	20	3	3	0	0	0	0	0	0
1	3	4	14	15	7	6	3	4	1	2	0	2	2	1	4	3	3	4	2	0	1	1	2	0	3	1	0	3	0	2	4	2	2	6	6	11	4	3	3	1	4	1	2	6	1	1	1	2	3	3	4	6	2	3	2	1	4	6	13	9	17	19	18	17	23	17	19	12	9	3	8	4	2	4	2	5	5	5	1	3	5	6	6	10	15	8	9	6	14	9	17	9	10	9	29	22	28	27	41	45	36	18	22	13	17	10	15	23	35	48	50	68	92	82	82	91	133	184	241	206	196	201	247	202	214	238	234	214	216	215	236	257	229	222	228	206	174	152	98	39	9	0	0	0	0	0	0	0	0
2	4	3	11	4	7	3	1	1	0	2	2	3	1	3	3	1	5	1	3	3	0	1	1	3	0	0	1	2	4	3	1	4	3	3	7	5	2	1	4	2	3	2	3	2	2	0	7	7	5	3	1	3	5	1	11	6	3	3	3	5	12	7	19	24	27	11	13	7	5	5	5	5	1	6	3	5	4	11	4	8	7	6	8	8	12	6	13	8	6	11	9	9	17	20	24	22	25	27	34	41	46	44	13	11	20	12	13	25	18	30	56	63	101	97	80	109	165	205	208	225	173	213	224	236	227	242	201	229	229	235	253	259	234	216	184	188	121	140	88	47	7	1	0	0	0	1	0	0	0
1	2	5	7	7	4	4	2	1	0	2	2	0	1	1	2	2	3	0	0	3	3	4	0	3	2	1	1	1	1	3	1	5	2	2	5	3	3	2	3	7	3	4	0	4	4	5	5	2	4	3	3	3	2	5	4	5	2	6	7	11	9	7	16	21	15	8	4	6	2	5	3	2	3	1	4	5	6	7	13	4	11	10	6	8	14	10	6	12	7	7	8	9	19	32	18	17	16	18	30	50	59	38	15	13	6	11	18	21	21	38	52	60	86	92	104	132	185	200	205	201	201	216	207	224	231	219	230	249	266	240	266	235	251	227	194	150	151	125	91	37	8	2	0	0	0	0	0	0	1
3	1	5	4	4	3	2	2	2	2	0	5	3	3	2	2	2	3	0	1	1	1	5	2	5	1	2	4	4	0	0	3	3	1	4	4	1	3	1	1	3	4	1	3	0	9	11	4	14	11	6	6	5	2	6	5	4	3	7	9	5	6	9	15	9	8	6	7	2	2	1	3	4	1	1	5	5	9	12	19	9	2	8	11	12	10	15	20	9	11	16	5	12	12	13	21	25	21	19	40	55	49	27	13	6	6	9	17	26	53	47	78	77	71	84	79	133	197	210	227	164	199	209	225	233	225	208	237	257	251	254	240	196	215	219	161	133	117	114	79	34	6	3	0	0	0	0	0	0	0
1	10	6	12	8	3	2	2	2	1	2	2	3	1	3	1	2	2	3	0	1	3	2	2	1	2	0	2	1	2	3	3	3	3	1	0	0	0	0	2	0	3	3	5	4	3	5	15	9	8	2	6	3	5	2	3	2	8	11	9	6	8	9	6	4	6	2	4	3	1	4	3	4	3	2	5	5	6	14	9	6	15	14	20	27	24	31	16	14	8	5	5	4	2	15	9	11	10	28	36	56	40	31	13	12	14	16	23	32	53	56	74	85	74	88	86	135	162	220	247	193	183	199	221	224	183	241	244	253	265	225	217	208	189	199	144	130	115	94	54	23	3	1	0	0	1	0	0	0	0
4	7	6	5	9	5	4	1	4	1	2	1	3	0	1	3	5	2	0	0	1	2	5	3	1	2	2	2	1	3	0	4	3	1	2	2	0	1	1	3	1	0	2	5	3	3	4	4	12	5	2	3	4	1	4	2	1	8	3	6	4	2	8	1	7	5	3	2	2	3	1	4	1	1	6	3	8	8	12	16	9	9	18	21	32	38	28	18	10	9	7	8	9	3	9	13	6	22	21	56	74	47	41	14	12	10	26	25	42	64	86	92	83	70	87	72	121	171	185	172	142	167	232	229	202	193	243	281	249	241	228	223	206	174	190	131	141	114	90	25	7	1	0	1	0	0	0	0	0	0
2	5	7	7	2	2	1	1	0	2	2	2	4	1	3	1	2	0	1	2	1	4	4	2	2	4	4	1	1	1	3	2	5	3	3	4	0	0	3	2	0	2	5	8	2	3	7	7	6	7	7	4	5	4	3	6	6	5	8	1	4	2	2	2	3	3	1	4	2	5	0	3	2	1	1	5	14	5	14	16	15	23	33	19	30	34	27	24	19	6	6	6	9	9	2	9	8	11	20	31	55	39	18	13	15	15	16	34	53	95	94	97	77	60	53	86	104	132	162	133	177	198	248	233	204	237	237	252	246	192	238	219	250	215	206	137	142	115	91	29	6	0	0	0	0	1	0	0	0	0
4	4	2	4	11	2	5	2	2	4	0	2	2	1	1	0	0	5	2	1	2	2	3	1	2	7	2	3	2	3	1	2	1	3	2	7	5	4	2	2	0	1	3	2	2	3	3	5	5	4	10	7	6	7	2	4	9	5	7	4	1	3	1	2	1	1	2	1	3	3	1	2	2	2	9	4	9	8	2	14	15	20	23	19	28	38	26	31	13	5	4	4	3	5	4	7	6	5	11	24	28	26	15	16	16	20	25	40	56	83	111	120	87	81	69	106	114	160	160	138	145	213	237	256	246	245	248	233	219	193	237	254	227	218	210	141	154	112	72	27	4	0	1	0	2	0	0	0	0	0
5	4	5	4	5	5	3	3	4	2	1	3	2	1	5	1	3	2	2	3	3	6	3	5	5	2	0	3	2	2	3	4	5	4	7	5	3	1	1	1	1	5	2	1	4	2	4	4	7	8	7	4	0	6	5	2	3	5	1	3	4	3	2	3	1	4	4	2	2	2	3	2	4	4	9	8	5	6	12	8	9	19	12	9	15	26	30	17	13	5	2	5	2	2	4	7	7	11	13	16	18	13	22	17	17	36	25	46	75	70	83	121	126	140	124	153	170	179	187	175	201	225	242	242	238	215	177	175	166	187	198	210	179	195	211	172	169	120	58	21	3	0	0	0	0	0	0	0	0	0
13	8	7	2	2	3	2	3	0	5	0	5	0	2	4	2	2	1	3	0	3	5	3	7	11	7	4	4	2	5	2	3	5	3	2	5	7	2	1	3	4	1	3	4	4	2	3	6	11	6	4	1	6	4	10	9	5	1	3	2	2	6	0	2	1	4	1	3	4	3	3	3	3	1	6	9	9	9	9	10	8	9	12	13	12	16	16	10	4	8	8	4	7	3	1	4	3	8	8	8	14	17	26	46	51	51	49	50	72	74	104	123	112	162	159	186	183	191	201	177	198	233	208	217	231	200	209	178	197	238	233	190	165	171	172	174	133	91	28	12	1	0	1	0	0	0	0	1	0	0
12	8	2	8	4	0	2	1	2	4	3	4	1	5	0	1	0	2	2	2	3	8	8	7	13	10	14	3	4	3	2	4	4	3	1	2	3	3	8	5	2	4	2	1	4	5	5	7	7	0	7	4	8	11	6	2	6	4	3	5	3	4	1	2	2	1	1	4	4	5	8	4	8	8	11	17	16	12	6	14	13	8	18	8	12	17	12	8	11	8	3	4	4	8	7	3	4	1	6	11	10	18	37	63	55	46	46	52	57	68	81	100	124	170	169	169	176	166	182	189	236	214	218	205	228	224	200	178	199	218	258	166	150	179	170	132	104	64	29	8	1	0	0	0	1	0	0	0	0	0
21	13	2	5	4	2	0	1	3	7	3	2	3	3	1	2	3	3	4	1	5	7	7	9	10	19	6	0	3	6	7	5	3	8	5	7	3	4	3	3	1	2	1	5	4	5	7	5	7	2	2	10	9	6	9	5	1	6	2	4	0	0	3	1	2	0	3	2	4	7	9	4	6	12	15	23	18	14	15	10	15	14	14	10	14	15	18	8	8	7	11	3	5	7	1	1	2	5	7	6	11	35	47	57	63	58	49	76	58	58	103	111	112	141	171	191	180	158	190	182	228	195	217	245	199	214	212	174	201	232	248	213	144	160	203	167	96	49	13	5	1	0	0	0	0	0	0	0	0	1
27	13	12	1	8	7	1	2	1	4	1	2	2	2	2	4	4	4	5	4	6	7	7	4	13	13	8	2	4	0	5	5	8	4	4	3	4	3	6	4	0	0	5	7	4	7	6	5	7	6	10	6	6	8	15	7	4	3	5	3	2	3	2	3	3	5	0	1	4	7	12	3	6	13	23	46	34	28	23	26	12	13	15	15	18	13	13	20	16	11	5	8	7	4	1	3	2	3	5	6	5	28	43	50	38	46	44	48	71	59	88	106	126	121	147	177	171	190	195	181	175	201	191	214	224	202	193	211	238	250	246	228	188	223	198	180	99	47	30	7	1	0	0	0	0	0	0	0	0	0
18	10	4	5	3	4	5	4	3	3	2	1	1	2	5	8	4	4	1	4	4	3	14	5	12	8	7	5	5	8	13	4	7	10	7	3	9	6	7	2	4	6	3	8	5	9	7	11	4	5	4	8	11	14	8	7	5	6	2	3	5	3	6	6	7	8	4	7	7	18	29	22	19	20	23	28	33	30	30	33	27	22	9	6	9	18	17	21	17	6	5	6	2	5	1	5	2	4	7	12	12	14	24	39	22	39	52	54	68	95	101	89	102	139	170	155	177	182	205	217	178	201	167	192	208	215	220	201	238	283	259	213	251	238	185	138	94	42	20	6	2	0	0	0	0	0	0	0	0	0
5	6	2	3	1	2	1	1	0	2	0	2	4	3	4	4	3	3	6	3	2	3	5	6	8	6	3	11	4	5	9	10	5	8	8	7	4	8	4	5	6	4	7	2	10	12	9	4	4	2	6	16	9	17	9	5	9	4	5	6	8	5	7	6	8	4	10	10	12	20	23	19	26	23	28	33	43	51	49	34	25	22	17	16	20	12	20	15	13	7	6	4	2	2	2	1	0	3	4	7	14	14	17	18	15	49	50	76	79	84	100	118	119	140	150	169	130	173	210	225	216	206	217	206	206	205	194	185	264	240	260	230	207	224	157	133	108	54	19	13	3	0	0	0	0	0	0	0	0	1
2	1	2	6	7	1	1	0	1	1	2	0	1	4	1	3	6	3	0	2	2	4	6	7	6	3	4	2	7	6	9	11	8	10	3	5	5	5	4	3	7	3	3	5	8	10	8	8	1	4	7	5	13	13	9	14	10	6	6	4	5	21	4	7	15	8	12	14	20	24	21	26	23	19	25	32	26	30	56	51	43	31	25	20	20	13	15	13	5	5	4	4	3	4	1	9	5	1	2	4	9	10	10	18	36	50	68	82	102	113	93	113	123	130	158	140	154	176	228	197	217	241	236	216	204	226	192	235	221	240	228	237	223	198	164	154	103	47	40	12	1	0	1	0	0	0	0	0	0	0
1	0	3	3	3	2	3	0	1	0	1	5	5	4	1	4	4	1	2	2	2	4	9	13	6	3	5	5	5	9	14	14	6	10	3	2	7	8	6	5	5	2	1	5	4	5	10	13	10	6	5	9	14	22	14	8	4	8	12	15	17	11	18	24	17	11	17	19	19	21	31	16	24	23	26	23	22	36	35	47	35	25	17	20	15	14	15	11	7	3	3	2	3	4	3	5	7	2	3	6	3	8	15	25	24	53	57	91	94	107	109	122	119	141	164	155	169	205	196	244	246	235	249	239	214	232	256	221	230	240	228	209	229	212	210	144	79	60	20	6	2	0	0	0	0	0	0	0	0	0
1	3	2	1	0	3	0	4	3	4	1	4	3	1	2	3	5	4	4	3	5	4	11	12	8	4	3	6	5	8	10	10	10	3	3	5	6	7	3	3	1	5	1	3	5	5	3	6	11	9	3	13	15	14	6	8	11	17	18	21	22	14	23	22	18	28	15	23	27	22	34	17	25	17	29	16	21	21	31	33	26	26	16	15	14	20	10	11	6	7	3	0	1	2	5	3	4	3	4	3	5	7	15	27	39	52	62	73	83	115	130	127	114	140	168	149	144	185	243	250	230	219	279	271	252	256	235	207	231	221	245	212	200	224	177	140	97	45	30	8	0	0	0	0	1	1	0	0	0	0
1	1	3	0	3	2	1	1	1	2	0	2	2	2	1	3	4	3	2	2	3	6	3	8	9	3	2	3	7	7	7	7	6	4	0	4	9	6	9	11	8	1	4	4	3	7	5	13	10	7	7	11	8	10	16	8	6	10	26	37	41	41	17	30	27	28	25	27	26	28	25	21	17	18	19	19	11	11	26	21	23	12	13	10	15	13	11	6	4	2	3	4	5	1	6	5	1	1	2	3	5	6	14	25	30	43	52	63	83	91	124	124	119	165	175	129	129	171	192	223	239	252	246	255	268	256	217	234	251	215	205	212	196	206	170	134	67	30	13	1	0	0	0	0	0	0	0	0	0	0
5	1	1	2	2	2	1	1	0	2	2	0	3	2	2	5	0	2	6	3	3	3	7	7	5	5	6	5	9	6	5	5	6	6	7	3	4	4	4	3	5	6	6	5	3	2	3	11	16	15	12	7	8	3	7	11	12	17	19	49	41	31	30	45	47	50	35	29	38	24	26	25	21	14	14	10	11	10	14	11	15	14	9	14	14	7	11	5	7	2	1	1	2	1	4	0	3	1	4	4	6	11	12	22	22	48	49	57	80	116	112	119	122	136	147	146	152	177	219	231	227	220	264	256	241	215	182	189	228	177	173	196	168	175	161	119	80	36	16	1	0	0	1	1	1	0	0	0	0	0
2	1	0	2	0	1	2	0	0	1	1	2	2	1	0	4	2	3	1	2	4	3	4	1	2	4	7	5	8	3	4	6	7	5	4	5	4	7	8	7	5	2	8	9	6	6	6	15	14	13	10	7	11	8	9	11	12	20	27	39	50	40	49	61	69	43	39	28	24	32	14	17	15	11	12	6	9	7	6	12	9	7	2	7	4	2	3	3	2	2	0	3	2	6	1	7	5	4	5	8	5	8	18	18	32	45	74	73	78	101	122	118	123	136	144	154	167	187	187	230	221	216	208	245	210	191	179	228	195	201	197	169	191	172	169	124	92	45	8	5	1	1	0	0	2	0	0	0	0	0
2	2	2	1	2	2	0	0	0	0	2	0	3	2	0	1	3	1	1	5	5	2	3	4	3	8	8	12	5	10	5	4	6	3	3	5	5	12	14	11	11	3	10	4	10	4	10	11	21	9	8	10	8	9	8	10	12	20	32	30	35	31	58	71	56	40	35	42	30	27	20	11	9	7	4	8	11	9	10	9	7	4	8	3	7	3	2	5	1	1	4	1	2	2	3	6	6	11	6	7	10	11	10	29	35	49	74	79	82	93	106	102	136	137	151	189	170	192	182	208	186	200	195	211	205	193	206	201	265	257	237	198	205	236	211	167	123	64	16	6	2	2	0	2	0	0	0	0	0	0
0	2	0	0	0	1	2	0	0	6	0	1	4	1	3	2	3	5	5	5	4	4	4	2	5	13	19	14	8	6	6	7	10	4	3	8	11	12	26	23	10	9	8	7	14	8	12	9	19	6	6	4	10	12	13	15	12	12	21	29	21	31	35	41	34	28	23	28	12	14	10	5	3	8	6	6	4	5	7	7	1	6	2	2	5	4	2	2	0	3	4	3	2	3	9	5	2	7	5	15	12	16	20	25	37	50	81	71	81	92	100	108	124	140	205	199	201	187	173	205	238	213	198	203	203	187	227	220	252	237	256	244	252	198	207	165	114	62	20	18	12	7	2	1	0	0	0	0	0	0
4	1	4	2	2	1	1	3	3	2	2	3	2	1	2	2	4	2	9	8	9	6	7	8	7	6	6	5	9	1	1	5	2	2	4	2	4	10	22	10	9	7	7	8	9	13	23	20	12	8	12	12	10	22	13	23	16	18	20	27	23	25	22	23	29	22	10	16	13	9	10	4	8	6	4	6	8	4	1	6	7	0	5	1	2	2	1	0	1	1	0	1	7	4	8	10	11	12	15	5	13	13	15	17	36	58	83	123	99	79	96	119	146	141	175	182	195	177	190	227	236	188	226	248	197	203	220	246	238	253	269	261	225	180	179	146	108	44	32	42	40	24	10	1	0	0	0	0	0	0
2	3	5	0	0	5	0	0	3	1	1	1	3	0	0	1	0	2	2	3	5	8	9	20	22	20	8	6	5	4	2	4	4	3	4	6	6	8	10	13	8	4	9	8	23	13	19	23	21	14	17	14	8	11	17	16	17	18	15	13	25	23	12	21	7	14	2	5	5	9	6	7	4	5	3	5	9	5	8	3	4	4	1	1	2	3	3	2	3	3	2	5	4	4	17	19	20	16	16	20	15	20	32	30	53	56	84	106	110	79	97	122	158	164	177	174	172	203	196	232	209	245	256	240	234	250	226	230	227	225	229	206	241	203	158	140	99	62	66	64	82	45	34	9	3	1	0	0	0	0
1	1	1	2	2	2	0	1	2	2	2	1	1	3	4	0	0	4	4	4	6	8	9	15	12	20	8	7	2	3	3	2	2	4	2	6	2	11	6	11	7	7	22	21	26	28	37	38	22	23	13	14	12	14	22	30	26	17	16	16	19	16	17	9	12	3	6	5	3	6	2	6	4	10	1	3	7	0	3	6	1	1	4	1	2	1	1	7	2	1	4	3	2	2	8	18	24	11	17	23	32	21	38	33	53	67	79	110	120	91	89	117	140	157	152	142	177	194	199	241	182	230	249	257	233	232	238	252	242	233	229	232	213	165	170	135	119	100	87	89	91	65	52	21	2	0	0	0	0	0
0	3	2	0	2	3	3	1	0	1	3	1	0	1	0	0	2	2	3	3	7	3	9	13	16	14	10	3	2	3	4	1	2	2	3	7	4	6	3	7	8	5	24	25	24	33	31	53	27	26	17	17	19	17	25	24	13	20	14	29	11	13	5	7	5	6	3	2	7	4	2	3	4	7	4	4	6	3	3	2	4	0	0	0	2	6	1	0	3	3	5	4	5	6	14	22	19	16	21	30	23	30	29	37	53	72	64	87	87	84	108	152	166	159	160	136	154	191	196	216	210	221	220	211	202	212	233	257	245	214	265	227	218	209	193	153	133	99	108	127	110	74	55	23	8	0	0	0	0	0
2	2	2	1	1	1	3	2	1	3	2	1	2	1	1	4	0	3	3	2	3	6	1	8	16	7	3	1	3	3	3	6	6	6	4	5	1	10	6	6	9	6	22	29	29	45	40	30	34	20	18	19	16	20	19	24	16	19	19	18	13	6	7	7	5	5	2	4	2	2	2	2	2	5	5	5	2	2	3	2	4	1	1	2	3	3	7	3	5	5	3	2	5	6	10	16	15	35	41	36	31	29	43	48	57	68	72	73	72	82	113	135	144	147	171	165	186	178	229	208	210	204	212	225	194	234	199	257	234	241	261	240	226	214	190	167	115	102	112	122	101	69	37	15	2	1	0	0	1	0
2	1	2	0	2	1	0	0	4	2	0	1	2	2	3	3	5	4	2	0	9	3	3	6	4	2	2	1	2	2	9	11	7	5	6	4	3	4	3	1	4	13	19	31	43	61	45	55	28	29	20	17	6	22	18	24	25	19	20	17	15	8	3	1	2	1	1	4	2	2	1	3	3	2	3	6	3	5	4	3	2	1	6	5	4	4	8	1	7	8	4	4	2	8	11	16	10	28	37	26	30	36	31	50	45	50	60	73	80	97	122	138	165	154	170	149	179	201	179	197	176	207	213	199	199	193	211	227	246	238	248	244	195	203	189	155	154	120	115	95	102	67	34	8	3	0	0	0	1	0
0	3	1	3	3	3	1	2	0	2	1	3	2	0	3	1	7	5	3	1	1	5	2	4	6	1	3	4	5	3	9	9	9	8	4	3	8	4	2	3	12	15	21	45	43	63	74	67	59	36	22	19	10	17	19	22	19	15	16	8	10	1	3	2	2	2	1	1	1	2	0	1	2	3	2	3	7	9	6	3	1	5	4	9	1	12	8	8	10	3	1	8	5	9	7	9	14	22	35	22	26	45	36	33	43	57	64	89	85	109	111	139	164	166	167	166	177	174	173	164	193	181	186	185	162	210	211	195	204	263	254	244	254	196	182	134	98	94	81	87	66	45	15	2	1	0	0	0	0	0
3	0	1	2	0	0	0	4	1	0	1	2	1	1	1	1	3	2	3	2	3	1	4	4	3	3	4	2	3	4	6	9	7	5	4	4	2	5	14	8	14	21	25	37	80	62	78	83	64	29	24	18	20	17	23	17	23	22	10	5	7	5	2	2	2	0	0	0	4	0	2	3	0	3	1	5	7	10	6	4	8	3	6	5	10	9	9	7	14	6	12	13	9	7	4	6	15	18	18	23	19	26	29	44	38	41	59	76	71	107	107	119	122	170	157	167	176	181	170	175	202	192	212	185	209	212	202	166	210	236	233	249	227	199	158	120	92	78	64	70	39	15	2	2	0	0	0	1	0	0
0	3	2	0	4	1	0	0	1	1	1	1	1	0	2	2	1	3	3	2	4	2	3	1	4	5	4	5	1	6	4	4	7	5	3	4	3	5	6	10	13	15	25	44	58	91	88	70	55	36	25	23	9	6	11	8	12	13	12	5	2	5	2	5	1	0	2	2	3	2	2	4	2	2	4	3	6	1	4	8	2	5	8	8	4	15	15	10	15	14	10	7	10	6	5	9	4	11	15	18	26	21	36	37	49	54	61	75	84	102	102	166	189	161	127	164	176	177	184	202	227	233	191	205	199	218	183	200	244	207	256	243	207	196	143	87	80	57	42	31	18	5	1	1	0	0	0	0	0	0
0	1	1	1	3	0	0	1	2	0	3	1	1	5	2	1	3	2	1	3	0	2	5	0	5	4	9	12	13	8	4	7	3	4	1	2	3	9	8	10	15	17	19	27	42	55	56	41	28	34	30	15	9	8	9	11	6	3	3	9	3	2	2	5	4	2	4	3	0	0	2	2	2	1	1	8	5	6	5	4	6	8	7	7	12	15	13	12	19	20	12	6	4	3	4	7	12	15	12	20	20	25	33	57	55	71	72	83	109	112	150	169	176	180	163	146	163	214	232	232	197	213	215	220	205	228	214	197	244	229	225	240	213	209	111	72	36	23	13	7	5	1	0	0	1	1	0	0	0	0
2	1	2	4	1	1	4	1	3	1	1	4	1	6	2	2	0	1	3	4	0	2	2	0	4	8	9	12	12	12	9	4	4	5	5	1	5	4	14	18	17	16	28	28	30	26	32	30	22	16	8	23	6	5	5	7	6	7	6	5	3	0	1	3	2	1	1	4	1	4	3	1	4	1	4	3	6	4	11	19	22	15	23	12	26	8	13	29	33	33	33	14	6	6	7	6	5	13	25	22	28	31	37	52	68	88	98	98	132	128	121	158	173	177	208	171	183	207	242	302	243	218	193	189	194	224	199	202	236	223	216	210	189	178	135	72	21	7	4	1	1	1	2	0	0	0	0	0	0	0
2	1	2	6	0	2	0	2	0	2	3	1	3	0	2	0	2	4	1	0	3	0	2	5	3	2	5	7	7	14	9	11	0	3	5	3	4	8	6	17	15	24	25	20	11	30	18	21	17	24	10	11	7	12	5	6	6	6	3	3	6	4	4	3	6	4	3	4	6	5	5	4	5	6	3	3	5	9	15	18	33	35	24	24	28	15	16	19	30	43	16	12	2	4	5	7	9	16	31	33	39	31	43	55	66	99	105	91	126	142	127	166	196	201	233	202	222	266	262	249	254	225	226	223	234	224	225	218	230	201	203	198	160	126	86	41	11	1	0	0	0	1	0	0	1	0	0	0	0	0
0	1	5	1	2	1	2	2	2	2	1	3	3	0	2	1	1	0	2	0	3	0	3	2	5	1	5	4	7	10	9	0	1	2	4	5	10	7	18	20	23	27	31	26	16	15	15	12	19	18	12	8	4	7	2	4	5	6	8	10	13	13	6	9	2	1	3	1	3	5	7	1	3	6	7	4	4	7	16	27	39	24	31	38	19	30	18	24	18	46	25	9	3	4	7	5	8	17	27	36	33	39	43	67	82	96	98	142	130	165	174	187	168	169	194	212	228	216	231	224	241	213	233	223	222	214	224	225	187	232	206	208	159	119	37	16	1	1	0	1	0	0	0	0	0	0	0	0	0	0
0	0	0	1	2	2	4	1	0	4	1	1	1	1	2	2	3	0	0	2	0	0	0	2	0	2	3	7	6	2	5	3	5	8	3	3	4	9	11	21	23	32	36	28	18	28	29	23	16	9	11	10	13	15	9	8	6	11	11	15	16	19	12	5	5	3	5	7	8	10	7	14	10	5	10	8	2	8	14	15	22	15	19	16	14	20	14	8	10	13	11	4	3	4	3	3	6	21	18	25	32	30	47	74	105	108	131	124	149	144	164	185	155	129	182	170	219	206	236	225	219	211	193	214	254	227	211	241	216	237	206	182	133	82	29	14	1	1	1	0	1	0	0	0	0	0	0	0	0	0
0	0	1	1	7	4	2	1	3	2	3	1	1	1	1	2	2	1	3	1	0	1	4	2	3	3	4	0	5	3	5	3	5	3	1	11	14	16	20	22	34	30	19	20	16	36	31	18	14	7	10	9	13	17	18	8	4	7	12	23	12	12	5	3	3	9	6	16	18	11	16	10	16	8	8	7	6	10	4	13	10	9	13	9	8	11	12	12	12	10	10	11	8	8	6	6	9	15	24	28	33	61	62	74	101	98	126	125	140	130	157	145	116	118	150	166	217	177	250	220	241	198	201	239	212	253	222	205	192	203	187	168	123	77	25	9	1	0	1	0	0	0	0	0	0	0	0	0	0	0
1	1	0	2	4	1	1	4	4	1	2	1	1	1	1	0	1	1	0	4	1	1	2	0	2	2	0	4	2	4	3	3	4	6	12	6	13	19	16	24	26	23	16	10	27	27	25	23	13	8	9	7	7	16	8	4	8	9	21	34	29	11	2	10	6	8	12	26	30	29	23	26	13	8	5	5	10	6	11	9	8	4	6	9	13	7	11	8	4	4	11	8	7	3	5	8	6	14	18	37	42	48	76	67	89	88	109	124	126	156	124	116	123	152	181	179	197	183	213	240	210	182	190	211	227	217	207	203	217	198	192	161	124	69	27	5	2	0	0	2	0	0	0	0	0	0	0	0	0	0
1	1	1	0	2	1	2	2	3	1	1	1	3	3	3	1	2	1	0	1	0	3	1	4	0	1	1	4	8	7	4	4	4	4	3	5	9	16	19	22	15	8	12	9	16	24	23	16	4	11	6	10	7	8	9	9	10	16	20	20	23	13	4	5	11	12	21	29	36	34	17	23	22	5	2	6	3	8	6	8	4	5	4	8	7	6	7	3	7	9	5	6	9	7	11	6	11	8	11	39	34	54	62	69	76	63	76	99	123	131	129	150	179	205	198	184	178	219	209	183	184	191	180	198	210	210	208	232	220	225	179	154	114	70	28	8	1	0	0	0	2	0	0	0	0	0	0	0	0	1
5	0	0	2	1	1	2	2	0	1	4	5	0	7	1	3	0	1	0	1	0	3	1	5	0	4	4	2	5	9	7	6	5	4	5	14	9	13	12	13	11	14	11	20	23	8	10	10	2	9	7	4	8	8	14	12	15	17	21	30	23	15	5	7	9	11	37	40	34	28	34	13	13	8	11	8	5	8	5	6	10	7	6	3	4	6	3	3	5	8	10	7	6	7	14	13	7	8	14	28	28	37	55	80	93	87	93	89	111	151	156	166	217	228	207	181	175	187	210	193	212	201	211	218	229	228	225	231	218	179	178	151	122	88	41	7	1	0	1	0	0	0	0	0	1	0	0	0	0	0
1	1	4	2	1	2	3	1	4	2	1	1	2	6	6	2	0	4	1	2	1	0	2	0	2	1	5	6	4	5	3	7	5	6	4	9	11	17	10	4	17	6	5	11	13	4	8	12	4	11	18	14	19	7	20	15	22	17	12	18	27	19	11	11	15	22	29	31	32	32	10	7	7	10	9	8	8	9	13	12	8	5	11	6	3	9	3	3	3	3	9	7	17	11	17	1	21	9	23	28	45	50	71	85	108	107	128	119	140	138	172	178	190	203	172	183	183	182	205	242	221	227	216	188	219	232	204	209	227	186	175	150	132	75	30	9	2	0	0	0	0	1	0	0	0	0	0	0	0	0
3	0	1	1	0	0	1	1	4	4	4	0	3	2	2	4	1	4	3	1	2	2	3	2	0	3	3	6	3	3	6	6	4	12	5	15	8	9	4	11	6	10	7	3	11	5	6	10	8	12	14	14	11	17	9	16	16	31	23	26	24	22	16	15	6	23	26	33	31	26	26	12	6	7	13	9	12	15	9	11	15	13	9	9	2	4	7	5	4	9	10	13	15	19	15	23	9	21	23	17	35	39	69	71	102	145	153	162	123	136	124	117	166	142	141	178	164	206	238	242	213	213	201	210	218	213	212	187	160	153	150	124	93	80	41	20	8	0	0	1	0	0	0	0	0	0	1	0	0	0
1	1	1	1	5	1	1	0	3	3	4	6	4	3	4	2	1	0	2	3	2	1	4	1	2	1	5	3	9	6	8	7	9	6	9	10	8	9	12	15	6	15	8	10	3	12	5	14	13	6	13	18	19	10	12	11	19	12	19	26	19	16	20	18	11	22	39	39	22	18	13	10	13	17	28	7	20	22	20	18	25	11	7	12	4	5	4	1	7	10	16	16	22	22	18	30	20	17	31	21	33	36	44	50	89	128	150	144	164	106	113	117	119	148	151	167	192	205	234	224	219	212	208	190	221	220	234	190	148	129	130	108	98	53	33	4	1	1	1	0	0	0	0	0	1	0	1	0	0	0
1	4	0	3	2	1	3	2	1	1	4	4	2	3	1	1	3	3	2	0	2	3	4	3	4	0	5	4	4	6	9	10	13	12	12	15	11	19	7	8	7	13	14	11	9	12	7	10	10	11	11	8	14	9	12	19	15	20	21	35	30	31	21	12	18	32	37	36	16	14	11	18	24	36	18	16	14	15	30	42	43	21	14	12	8	3	4	8	5	14	17	35	36	46	38	49	28	33	21	20	26	53	63	45	70	86	137	176	168	128	134	169	154	182	207	212	208	182	207	210	241	210	209	227	250	211	190	185	172	121	118	109	86	43	17	1	2	0	0	0	0	0	1	0	0	1	1	0	1	0
1	0	2	2	4	1	1	1	2	0	1	2	4	2	4	1	1	3	4	5	3	5	2	3	2	4	5	5	7	6	17	10	19	17	16	9	14	17	14	21	15	9	12	18	18	10	10	7	7	6	14	13	6	9	13	16	15	21	33	34	43	40	28	17	26	26	29	25	14	16	18	30	39	41	27	17	20	36	34	67	57	35	16	8	7	8	7	8	13	14	28	37	60	63	49	50	46	39	20	22	32	47	56	50	62	96	147	150	169	158	170	208	240	234	211	231	238	195	176	206	195	213	214	230	230	226	219	198	153	151	116	93	78	31	6	2	1	0	0	0	0	0	1	0	0	0	0	0	0	0
1	1	2	1	1	1	4	4	1	1	3	6	3	2	3	2	8	5	2	4	7	6	6	3	9	6	4	6	7	9	20	27	31	24	13	21	27	29	17	30	17	21	15	10	24	5	12	8	7	10	9	8	10	5	4	6	17	22	31	43	50	39	39	31	26	27	10	13	9	12	15	30	44	33	25	13	26	30	54	49	45	24	18	10	6	2	8	8	12	23	26	47	70	96	75	63	37	24	29	27	41	51	49	58	63	98	126	168	166	172	171	211	224	204	236	197	228	230	194	223	213	196	198	220	214	197	211	196	175	144	158	102	71	24	9	1	0	0	0	0	0	1	1	1	0	0	2	0	1	0
0	2	1	0	1	3	4	2	2	3	5	9	3	5	3	2	4	2	8	10	7	17	8	7	9	5	6	10	7	10	22	39	42	29	22	26	28	36	43	39	44	40	34	20	19	15	21	18	15	9	7	10	8	6	6	19	21	27	45	39	50	49	36	29	23	15	12	5	4	11	10	16	30	28	22	18	22	32	33	38	44	34	22	11	8	17	4	8	8	16	27	41	69	92	78	56	47	29	25	34	37	51	54	88	80	116	131	168	176	167	174	177	190	180	167	209	218	192	211	223	206	209	215	216	214	177	184	202	200	181	128	98	52	20	3	1	0	0	0	0	0	2	0	0	0	0	0	0	0	0
1	2	0	2	2	2	2	2	3	3	4	4	3	8	14	9	9	13	8	12	14	11	10	10	5	5	6	7	14	13	24	53	48	40	31	34	63	51	63	36	62	53	30	25	21	23	29	25	17	8	9	7	6	10	12	18	24	28	38	40	40	43	37	24	8	13	8	4	6	6	4	13	15	20	20	17	24	30	31	33	36	13	18	9	14	8	6	6	10	11	25	53	54	83	82	64	45	32	28	39	40	60	78	65	114	109	151	151	160	165	165	192	140	168	211	201	194	206	228	196	201	203	203	223	213	203	190	237	200	161	140	120	58	16	5	2	0	0	0	0	0	0	0	1	0	0	0	0	0	0
2	0	3	3	2	2	0	4	2	3	5	5	7	7	7	14	14	15	13	18	15	18	7	9	6	5	7	10	15	19	34	52	54	51	34	34	34	46	38	60	52	41	50	26	20	24	30	29	21	12	7	7	14	5	16	15	23	37	36	27	32	30	23	21	8	9	9	6	6	5	10	13	8	10	15	20	18	47	39	25	14	17	17	14	11	11	8	12	8	17	26	40	52	48	56	42	36	39	45	43	43	63	54	70	106	122	121	139	165	165	207	151	170	196	210	214	220	238	258	242	187	222	208	219	197	202	214	187	186	146	144	81	45	15	2	0	1	0	0	0	0	0	0	0	0	1	0	0	0	0
1	1	2	1	2	1	2	4	2	6	9	7	14	21	18	13	16	21	20	25	14	18	11	10	10	3	6	14	16	13	38	48	32	36	46	44	31	44	47	31	61	49	28	26	20	20	25	18	19	19	13	10	11	8	12	19	34	35	37	27	22	22	13	9	15	9	5	5	10	6	3	6	9	5	10	15	17	31	35	28	22	19	25	13	14	11	7	15	14	16	23	39	43	48	40	43	40	27	41	41	43	70	85	102	112	97	123	139	147	178	197	188	196	202	248	256	253	234	221	228	210	230	228	220	217	192	213	201	175	144	96	65	23	5	1	1	0	0	0	0	0	0	0	0	0	0	1	0	0	0
0	0	1	0	1	1	3	1	7	4	8	13	26	30	39	32	22	30	33	27	28	24	23	17	9	12	5	12	10	17	28	42	31	32	39	37	29	36	27	33	31	33	29	24	23	17	26	30	25	12	12	9	11	11	23	26	34	24	27	22	21	17	11	6	4	3	7	7	2	6	8	5	8	7	7	13	20	17	35	34	23	38	32	28	24	16	9	14	14	12	27	31	38	35	36	32	29	33	43	64	67	70	84	91	105	90	137	133	126	142	189	177	224	195	225	204	244	211	220	220	203	210	207	229	233	204	213	173	132	125	88	38	15	3	0	0	0	0	0	1	0	0	1	0	0	0	1	1	0	0
2	5	1	1	0	1	0	3	3	3	10	15	29	51	52	46	40	38	34	35	45	36	26	21	9	16	10	7	12	22	24	31	26	40	31	25	35	32	28	22	19	20	14	12	10	13	14	16	10	15	12	7	7	16	33	35	45	18	22	16	14	10	19	6	10	4	6	4	3	7	12	12	13	15	7	17	28	20	36	31	54	41	52	43	22	11	7	18	7	9	18	21	23	28	27	26	35	34	46	70	75	82	94	95	104	109	125	121	85	136	141	178	169	198	208	199	229	197	211	198	220	224	229	226	216	241	195	201	144	126	68	27	12	1	0	0	1	0	1	0	0	0	0	0	0	0	0	0	0	0
0	0	3	2	2	1	6	8	4	5	12	28	40	73	64	68	53	47	45	47	38	40	21	24	25	15	16	9	15	16	13	20	14	26	29	21	21	20	27	18	11	10	8	10	8	15	9	19	15	11	13	15	13	24	28	40	37	19	18	9	10	7	6	8	4	5	5	10	5	11	14	16	20	20	12	21	20	24	26	43	59	77	73	45	28	16	7	12	11	11	25	18	22	28	22	23	49	42	70	80	111	106	105	110	104	113	112	128	107	141	169	188	182	175	210	230	193	214	214	167	209	217	208	240	237	220	184	173	158	97	75	30	9	0	1	0	0	0	0	0	1	0	0	0	1	0	0	0	0	0
0	2	4	3	1	4	3	10	4	6	10	26	38	64	65	60	49	46	54	52	41	46	26	35	35	17	9	12	8	10	18	16	21	20	16	17	17	22	16	16	11	14	9	9	10	7	16	19	24	13	13	20	17	29	47	52	25	11	15	7	8	7	9	2	4	3	5	9	9	11	18	19	20	15	19	21	37	51	38	35	47	75	69	67	37	12	9	10	9	15	19	27	16	7	7	14	31	39	56	55	94	99	128	135	119	126	160	162	193	204	222	200	222	210	209	237	222	232	204	210	206	213	217	208	214	245	192	178	170	108	87	32	8	0	1	1	1	1	1	0	0	1	1	0	0	0	0	0	0	0
3	4	4	6	1	1	7	2	8	7	12	14	26	53	60	59	50	47	70	56	59	68	54	44	44	24	18	7	11	7	14	11	11	13	10	9	15	9	17	11	13	10	12	8	11	11	17	24	38	29	19	12	20	33	26	33	23	15	12	7	3	1	7	1	7	7	5	5	17	22	17	11	18	12	16	32	36	28	30	29	36	55	67	38	29	20	12	7	11	16	28	31	24	16	7	17	35	42	57	77	79	104	113	141	153	145	191	183	207	246	201	229	213	249	215	216	230	225	238	249	201	201	239	226	250	223	224	212	174	116	48	22	6	2	0	0	2	1	0	0	0	0	1	0	0	0	0	0	0	0
1	2	1	3	3	7	2	6	7	10	12	21	37	57	62	48	58	51	54	54	66	90	68	47	42	28	19	15	9	6	3	10	14	23	18	18	8	13	3	8	9	19	9	12	18	16	25	33	27	25	17	15	19	41	28	19	15	7	7	1	8	4	4	8	4	7	9	15	19	20	21	20	15	19	34	35	48	29	31	23	14	23	19	31	34	10	12	8	11	23	29	24	21	17	24	13	22	42	49	77	79	81	101	120	143	147	181	181	199	206	188	203	220	218	180	200	235	225	267	257	221	207	241	234	253	265	241	198	174	110	66	24	10	0	0	1	0	2	0	1	2	0	0	0	0	0	0	0	0	0
1	2	0	1	5	7	8	12	17	14	10	18	28	45	41	36	40	55	51	64	77	85	85	39	42	35	24	13	14	6	6	4	10	20	25	15	11	7	15	10	15	8	33	29	34	35	49	41	29	27	27	18	20	26	24	14	10	5	11	2	3	4	2	4	5	4	10	12	18	14	18	16	25	18	28	44	51	32	26	17	22	12	12	14	15	13	8	8	15	10	23	25	14	7	6	18	22	37	48	51	61	64	57	83	151	174	165	166	165	169	209	207	195	182	188	239	224	230	247	210	221	242	232	245	229	219	221	176	147	98	56	25	3	0	0	1	1	0	0	1	0	1	0	1	0	1	0	0	0	0
1	1	5	10	12	23	23	23	16	8	9	14	27	58	59	41	48	46	62	84	101	77	47	37	43	33	24	17	14	8	7	5	9	16	17	14	16	9	5	16	17	16	30	50	41	49	73	49	55	44	31	35	19	13	14	10	7	3	5	1	3	1	1	3	2	11	12	9	11	12	28	22	26	26	19	37	38	28	18	15	5	12	12	13	13	10	7	10	11	12	9	8	9	11	14	20	32	34	45	61	66	66	58	101	134	176	180	193	157	197	183	205	172	199	239	237	239	246	265	179	220	261	233	213	184	218	184	149	114	82	43	14	3	0	0	0	0	0	0	0	0	0	0	0	0	0	0	0	0	0
0	0	3	9	20	27	30	17	18	7	13	12	27	38	43	47	38	50	50	55	69	58	38	56	60	47	31	17	10	5	2	6	11	11	16	13	12	10	12	13	21	26	38	36	61	54	64	70	54	57	41	26	23	17	9	5	6	7	3	2	2	3	4	5	6	7	9	9	16	19	23	42	30	29	31	31	35	31	17	16	7	11	9	5	11	12	9	13	14	8	19	11	9	16	12	23	30	46	62	80	91	97	105	143	150	186	156	160	178	192	195	217	195	190	206	237	226	237	189	196	236	270	203	191	196	188	141	153	111	59	29	10	1	1	0	0	0	0	0	0	0	0	0	0	0	1	0	0	0	0
3	0	3	0	10	5	22	12	13	10	12	10	18	36	42	34	32	35	34	42	46	49	61	63	69	62	31	18	9	4	5	2	7	5	7	5	7	8	14	9	16	35	40	53	52	87	78	66	52	62	30	19	31	16	10	9	5	8	5	1	2	5	3	2	5	5	16	18	13	28	23	40	56	40	30	42	33	25	11	17	6	11	6	10	7	13	8	8	11	5	6	12	10	10	20	22	39	42	85	66	81	98	113	136	117	170	165	149	169	203	218	208	179	158	205	195	185	209	181	191	179	191	173	169	194	162	177	147	112	72	23	4	0	1	0	0	0	0	1	0	0	0	0	0	0	0	0	0	1	0
1	5	3	6	9	5	4	5	8	7	7	9	9	14	15	27	26	25	25	30	26	36	40	68	67	53	25	15	6	3	2	5	7	9	7	6	12	15	21	33	31	22	37	45	60	67	67	73	38	31	21	34	17	14	13	7	5	6	3	1	2	2	2	6	2	8	8	19	26	27	52	59	66	60	47	39	37	15	16	13	10	4	12	18	17	13	13	13	13	5	7	14	8	17	19	26	45	52	81	84	61	103	121	112	123	143	129	160	198	203	186	188	151	197	191	196	197	210	209	246	203	181	181	167	203	203	197	141	117	47	20	3	0	0	0	2	0	2	0	0	0	0	0	0	0	1	0	0	0	0
2	3	5	3	2	5	4	6	5	5	3	4	12	13	17	26	22	21	12	24	22	19	32	49	32	28	19	10	5	4	5	5	9	17	9	7	7	9	16	17	27	22	36	41	47	76	67	48	45	32	36	18	20	17	12	4	4	4	4	4	4	1	0	4	8	11	9	15	34	50	71	82	80	63	57	44	22	18	17	8	11	7	4	17	15	9	8	10	11	3	11	9	13	22	19	18	42	43	59	61	72	112	144	137	136	126	150	152	165	210	201	157	156	209	221	220	223	217	212	210	220	185	208	187	210	163	165	139	93	34	10	1	0	1	1	0	0	0	0	0	0	0	0	0	0	0	0	0	0	0
0	4	0	4	1	1	4	4	5	4	5	3	11	18	18	28	18	29	13	13	16	18	9	18	31	20	5	7	6	3	4	4	14	5	6	6	4	12	10	20	9	20	26	40	60	66	52	49	37	40	38	27	18	13	16	10	9	4	2	1	1	1	6	8	6	11	9	22	40	52	76	96	98	65	62	42	18	23	15	12	7	15	18	14	17	10	10	12	10	13	6	13	6	15	18	26	27	47	50	64	112	141	166	203	193	150	151	131	167	206	201	227	212	211	274	248	234	206	233	218	209	178	201	177	141	158	135	75	58	20	3	3	0	0	1	0	0	1	0	0	0	0	0	1	0	0	0	1	0	0
2	1	1	2	2	2	3	1	3	8	4	2	4	13	10	17	22	14	14	13	3	12	17	14	17	22	11	9	4	0	5	8	13	5	3	5	5	9	5	11	7	18	33	43	73	65	77	60	60	39	38	33	19	23	16	15	6	6	4	4	1	5	3	8	8	11	13	32	48	63	83	56	47	29	25	26	18	10	10	21	19	19	18	18	26	12	8	14	14	7	13	10	15	16	12	16	42	49	53	66	87	156	193	191	177	161	153	129	182	210	259	214	225	242	233	230	209	183	193	161	155	159	144	166	132	111	86	65	37	19	2	0	1	1	0	0	1	0	0	0	0	1	0	0	0	0	1	0	0	1
2	6	2	2	1	1	2	1	5	1	4	4	4	12	11	17	14	13	18	20	12	9	8	13	14	8	5	5	4	1	6	10	9	6	3	2	7	4	4	5	11	18	32	54	72	77	84	65	58	62	49	42	28	16	8	11	9	4	8	3	7	5	4	7	7	13	20	46	46	48	41	50	40	21	17	18	5	10	16	20	21	19	29	29	25	12	15	10	11	3	11	12	8	13	17	17	27	39	52	52	72	108	146	178	146	142	130	138	171	204	201	214	222	210	212	192	174	191	173	150	167	134	144	167	146	108	66	49	15	10	6	1	1	1	1	0	0	0	0	0	0	0	0	0	0	0	0	1	0	0
0	1	3	4	0	2	1	2	3	3	3	7	2	2	6	8	8	10	12	19	18	5	5	10	9	8	8	6	3	3	10	0	3	4	5	2	2	8	4	14	11	28	30	71	79	73	83	63	62	56	45	37	30	14	16	18	9	7	3	6	3	7	1	7	11	14	24	31	36	30	30	29	29	6	12	11	11	16	9	19	18	28	47	35	19	13	4	8	3	5	17	12	18	15	21	21	26	35	57	56	71	96	118	136	135	136	102	144	142	155	175	180	185	187	218	202	180	202	131	116	159	157	184	153	122	85	69	44	12	1	2	1	1	0	0	0	0	2	1	0	0	0	0	0	0	0	1	0	0	0
1	0	1	6	2	3	1	3	3	4	7	3	5	4	5	9	7	5	11	14	11	4	12	10	2	5	9	4	3	5	5	4	1	4	5	5	3	3	7	10	22	36	59	66	75	66	73	54	68	50	47	44	29	32	25	15	10	5	8	4	4	8	2	8	10	14	15	14	23	24	12	22	7	7	7	12	11	18	12	22	30	46	45	41	35	13	10	10	5	10	4	11	11	6	15	17	30	44	57	66	86	83	112	114	121	143	151	166	164	140	142	143	170	159	183	216	168	154	141	134	137	154	138	137	138	116	75	54	28	16	3	0	0	0	0	0	0	0	0	0	1	0	0	0	0	0	0	0	0	0
1	4	0	0	4	2	1	5	4	1	0	2	3	1	1	3	3	7	10	17	10	6	15	10	9	3	6	8	2	4	9	3	3	2	4	3	4	2	11	16	14	29	50	56	65	69	58	49	50	51	58	54	63	39	35	20	11	6	10	7	5	8	6	12	6	11	13	17	14	16	17	14	13	11	19	8	11	16	14	30	42	64	68	59	31	11	9	6	4	9	8	11	10	10	17	16	21	37	52	59	93	107	115	116	142	154	174	176	165	149	160	192	171	179	156	166	125	129	150	129	142	138	134	128	146	104	98	79	61	27	9	2	0	0	3	0	0	1	2	0	0	0	0	0	0	0	0	0	0	0
1	1	3	0	1	5	5	2	3	4	3	2	2	4	3	3	3	5	4	9	6	8	8	14	10	8	8	5	7	6	8	15	9	4	3	4	5	4	8	13	30	35	35	42	55	39	54	53	46	59	58	72	70	68	46	19	12	10	14	11	9	5	8	3	12	4	4	9	15	9	15	8	9	12	9	14	21	14	27	32	62	62	66	34	30	11	10	5	4	4	10	7	4	4	16	23	16	34	51	60	81	118	127	149	146	148	148	161	196	226	193	185	224	203	185	160	148	142	127	139	146	146	127	121	106	101	69	76	55	22	3	0	1	0	0	0	0	0	0	0	0	1	1	1	0	0	0	1	0	0
2	1	2	1	0	5	5	6	1	2	1	2	2	5	7	4	3	6	5	6	1	12	4	8	7	6	5	3	3	12	11	18	14	9	5	6	3	2	6	16	22	29	30	26	34	41	33	32	45	53	54	57	70	54	34	16	26	17	25	24	15	13	12	14	7	15	9	3	4	3	9	7	8	10	9	15	24	20	19	43	47	65	61	40	22	18	10	10	10	7	7	4	6	7	13	15	22	37	43	65	78	111	109	122	114	126	135	165	204	201	189	167	181	169	178	154	146	135	161	170	157	137	124	91	70	62	48	42	32	13	2	0	2	0	0	0	0	0	1	0	1	0	0	0	0	0	0	1	0	0
2	3	1	2	4	3	5	4	3	2	1	2	4	4	5	2	2	1	4	5	6	6	9	6	11	9	4	9	6	9	14	6	18	11	8	3	5	5	4	8	21	16	19	19	16	21	31	50	51	43	52	74	53	50	29	29	24	29	21	19	30	12	14	7	7	11	7	1	6	8	6	4	5	11	19	20	26	20	30	52	72	56	35	28	20	17	13	10	6	4	4	5	2	4	8	14	26	41	57	54	84	98	118	87	120	127	122	162	183	168	166	161	186	187	154	143	152	157	184	187	148	145	135	81	63	32	29	22	7	5	1	0	1	0	1	0	1	0	0	0	0	0	0	0	0	0	0	0	1	0
2	0	7	1	3	6	4	2	7	1	1	4	2	4	2	2	4	0	4	8	6	6	5	7	8	7	8	6	5	7	12	14	9	16	5	1	4	3	8	12	20	9	16	8	22	17	31	38	35	40	48	47	35	30	27	25	24	28	17	18	23	17	24	11	8	7	10	4	12	4	9	12	10	6	20	34	34	33	37	45	57	51	32	21	17	14	7	12	3	2	3	4	8	5	8	15	27	34	51	45	55	111	114	133	132	169	153	173	147	130	149	150	154	161	127	131	146	151	171	181	197	160	116	82	46	22	5	11	4	0	0	0	0	0	1	0	1	0	1	0	1	0	0	0	1	0	0	0	0	0
4	1	1	3	5	2	3	1	4	2	3	6	5	4	2	4	4	6	3	3	5	5	5	3	11	14	9	6	4	8	9	5	10	9	3	5	1	4	9	12	7	4	6	13	15	19	32	36	44	33	43	42	31	18	26	28	46	35	25	17	30	36	22	20	15	13	8	9	8	9	8	10	11	21	40	43	34	35	46	61	55	37	22	21	8	13	11	9	9	8	8	9	10	7	12	15	23	33	53	43	71	97	136	136	155	167	178	180	144	100	153	205	185	164	135	165	182	173	193	180	168	128	88	69	31	11	2	1	0	0	0	0	0	0	1	2	0	0	0	0	0	0	0	0	0	0	0	1	0	1
5	4	4	0	2	0	1	3	4	2	3	4	5	5	2	5	6	5	6	2	3	4	5	4	14	9	8	10	12	7	9	10	7	11	8	4	3	1	7	4	4	3	9	9	23	16	23	34	42	40	39	40	32	12	30	39	56	50	34	20	31	31	47	17	17	19	15	11	10	10	12	11	13	34	41	34	34	37	41	56	54	30	21	18	20	22	13	11	9	15	15	12	7	10	8	14	21	42	50	44	51	118	129	127	120	141	130	134	127	151	186	204	186	198	199	216	239	176	153	168	153	124	73	27	13	5	0	0	0	0	1	0	0	0	1	0	0	0	0	0	0	0	0	2	1	1	0	0	0	0
7	5	4	1	5	1	1	2	2	3	3	6	9	10	8	7	4	5	4	9	1	0	7	10	8	10	9	7	3	7	6	3	12	6	6	7	5	5	1	9	6	11	7	8	18	25	26	37	53	51	32	33	25	23	23	44	54	51	57	31	30	29	53	31	30	13	26	26	11	13	12	13	12	39	34	43	29	37	31	46	32	26	19	22	25	22	21	19	16	23	15	10	8	13	9	13	28	49	52	71	73	88	115	115	106	103	94	136	150	197	199	200	179	172	189	185	168	172	178	164	139	101	64	25	8	0	0	0	1	0	0	0	0	0	0	0	1	0	0	0	0	0	0	1	0	0	0	0	0	0
7	6	2	3	1	0	3	0	1	6	3	10	9	7	4	7	9	13	7	5	5	5	8	10	10	10	17	13	11	6	13	6	10	11	7	2	8	5	6	8	7	1	6	15	19	14	32	43	51	38	31	18	24	16	26	40	62	74	77	50	44	52	47	44	27	24	26	19	18	19	13	16	22	29	49	44	44	29	31	37	23	32	22	14	18	20	34	23	29	26	18	15	6	11	11	29	26	41	65	62	95	108	106	127	123	133	127	133	164	191	167	192	146	175	187	172	166	165	165	163	152	124	70	14	6	0	1	2	0	0	0	0	0	0	0	0	0	0	1	0	0	1	0	0	0	0	0	0	0	0
14	11	4	2	4	3	1	0	1	0	1	3	3	4	5	13	8	12	6	4	7	3	13	13	9	13	10	7	6	9	8	8	10	16	9	10	8	10	10	10	6	4	5	16	19	39	43	37	41	30	24	20	29	19	29	51	68	97	88	80	54	46	54	42	26	21	25	23	20	22	13	28	19	37	57	58	51	46	32	33	41	22	34	22	20	24	24	29	26	32	23	6	10	13	17	24	36	35	73	89	126	138	128	166	142	162	168	184	172	151	151	129	137	206	191	166	199	194	205	168	176	105	55	11	4	1	1	0	1	0	0	1	0	1	0	0	0	0	0	1	1	0	1	0	0	0	1	0	0	0
19	9	5	2	4	2	3	4	1	1	3	4	4	8	9	10	15	15	6	11	14	7	13	9	5	6	8	7	14	8	10	10	14	4	14	13	25	11	5	8	2	5	6	14	29	38	50	45	38	36	32	20	22	16	28	27	111	126	110	74	70	54	42	32	38	21	30	25	35	39	29	30	27	43	45	54	60	52	60	62	44	32	34	40	33	28	19	35	34	21	12	17	14	21	22	31	39	44	59	78	95	123	116	133	185	198	178	174	157	159	157	175	176	199	193	174	202	179	193	171	129	89	32	8	0	0	0	0	0	0	2	0	0	0	0	0	0	0	0	0	0	0	0	0	0	0	0	0	0	0
5	9	7	3	2	3	0	2	1	3	4	4	7	10	10	12	26	19	16	18	11	12	6	9	6	10	8	8	10	8	11	7	9	7	11	21	19	16	16	4	3	4	4	5	17	40	52	40	29	23	26	25	26	17	27	34	56	97	107	76	56	50	37	33	27	37	27	39	31	48	37	34	33	40	58	80	82	93	78	71	63	28	47	57	63	35	26	30	29	20	17	15	21	19	21	36	45	45	71	72	117	118	126	145	174	176	173	161	140	168	205	192	175	167	192	165	162	147	160	122	70	42	11	1	1	0	2	1	0	0	1	0	0	0	0	0	0	0	0	0	0	0	0	0	0	0	0	0	0	1
