0	1	0	0	0	2	1	1	1	1	1	0	1	3	5	5	1	2	1	0	0	2	0	4	2	2	10	3	6	9	4	2	5	0	0	1	1	2	0	0	0	1	0	0	0	1	0	0	0	1	1	1	1	0	1	7	7	9	6	4	2	1	4	6	1	5	2	2	0	4	0	2	1	4	0	0	1	0	0	2	0	1	0	1	3	3	1	9	4	6	35	20	12	7	2	1	1	3	1	0	2	3	5	0	6	3	3	5	5	6	10	22	22	31	27	20	18	22	11	6	10	8	9	5	6	4	9	19	8	30	30	38	39	39	37	30	21	14	17	9	12	9	6	7	16	7	14	11	8	7
4	1	0	0	0	0	0	0	0	0	1	0	1	6	3	4	3	1	0	0	1	0	1	2	2	2	2	1	6	4	3	4	2	0	1	1	2	3	3	1	1	1	0	0	1	0	0	0	0	0	0	0	0	3	2	4	3	11	5	1	2	3	1	1	3	0	1	3	1	1	3	1	2	0	1	2	0	0	2	0	0	2	3	0	5	0	5	4	11	17	26	21	14	4	5	1	0	2	2	3	1	6	3	1	3	8	9	7	7	10	17	18	25	22	32	17	19	27	10	9	16	9	9	6	6	3	12	15	23	25	22	33	40	55	40	30	20	17	13	13	16	7	10	12	10	11	5	8	9	11
3	0	0	0	1	0	1	0	1	1	0	0	0	2	3	11	2	1	0	2	0	0	1	0	1	1	2	0	3	3	0	1	1	2	0	4	1	2	1	2	1	1	1	0	0	0	0	0	0	1	4	0	1	2	6	9	9	5	1	1	4	0	1	0	3	0	2	3	0	3	1	5	2	1	1	1	1	2	1	0	0	0	2	1	3	0	4	3	15	25	40	16	9	3	1	1	2	0	2	1	2	3	4	3	8	12	16	5	12	13	11	11	25	35	30	40	35	16	25	13	14	12	4	9	9	6	10	16	19	23	32	42	33	40	42	26	27	14	22	20	13	8	6	4	8	5	18	13	11	12
4	0	0	0	0	0	1	0	1	1	1	1	3	1	1	2	1	0	0	0	1	1	0	0	0	1	2	7	5	0	1	1	3	1	3	4	5	0	3	1	0	1	1	1	0	0	0	1	0	0	0	1	3	1	3	6	4	7	3	6	1	2	2	1	3	5	4	5	4	3	1	0	0	0	2	0	0	1	1	0	2	0	2	0	2	3	7	10	17	27	23	9	13	5	3	2	4	0	1	4	1	5	2	12	12	13	22	17	19	20	19	15	25	28	25	38	37	31	21	16	14	11	12	8	8	11	15	20	16	20	40	53	52	41	34	21	16	16	15	10	11	12	5	9	8	11	8	13	11	14
1	2	0	1	1	0	0	0	2	1	3	2	0	1	2	2	2	0	0	4	0	1	0	1	0	1	6	5	3	0	0	0	1	2	5	1	3	1	1	0	2	0	0	1	0	0	0	2	0	0	1	0	0	4	1	4	9	4	5	2	1	1	1	0	1	6	7	6	3	4	3	0	1	0	0	1	3	2	1	1	3	1	0	0	1	3	9	14	18	38	34	33	19	5	7	3	3	6	2	3	1	6	18	19	19	21	31	28	19	12	17	17	14	25	28	39	38	38	30	23	10	10	3	4	14	15	18	30	33	36	38	50	44	41	42	18	15	7	9	13	9	9	13	14	11	14	14	10	8	9
2	2	4	0	0	0	0	3	1	1	1	3	0	2	0	0	0	1	1	0	1	1	0	0	1	1	3	5	0	3	2	1	1	2	1	0	3	1	3	0	1	0	1	0	0	1	1	1	0	1	0	2	1	2	1	4	1	1	4	1	3	3	2	0	4	5	8	5	1	1	1	0	0	0	0	0	0	0	0	0	1	2	3	1	2	3	10	14	37	28	29	15	11	8	6	0	2	3	0	0	4	8	15	30	38	34	23	35	15	10	11	22	13	20	32	35	41	40	23	18	10	6	7	5	10	13	17	29	34	32	44	36	42	31	36	24	18	12	11	8	8	7	14	6	13	9	11	8	15	20
5	1	0	0	0	1	1	0	1	1	1	1	0	1	1	0	1	0	0	0	0	0	0	0	3	1	4	4	1	1	2	0	2	3	4	2	0	1	0	2	2	2	1	0	0	1	0	0	1	0	1	1	2	0	0	3	4	3	4	2	2	1	6	5	4	3	4	3	4	2	1	0	0	1	0	0	1	2	0	1	0	2	2	0	3	5	11	17	25	15	17	11	16	8	5	2	0	1	4	3	6	12	27	27	39	33	32	16	18	5	15	14	13	14	25	29	33	33	27	16	10	15	8	13	12	16	27	27	30	39	35	50	60	33	20	14	10	15	17	4	10	8	4	12	7	15	12	9	10	13
3	1	1	0	0	2	2	0	0	1	0	0	1	1	4	0	0	0	0	0	0	0	0	1	1	4	7	3	3	2	3	1	2	3	4	0	1	2	2	2	1	1	1	1	2	0	0	0	1	0	1	1	0	1	2	2	1	3	2	1	0	1	1	3	2	8	7	5	4	0	1	0	0	0	1	0	0	0	1	0	0	1	3	3	3	6	14	12	14	10	16	5	8	3	1	5	1	0	4	2	3	21	23	31	35	35	31	20	7	8	10	9	16	23	21	33	40	32	27	18	10	13	17	5	11	9	19	27	36	32	36	48	47	30	25	22	16	14	9	21	10	7	8	11	15	15	10	19	7	19
1	0	0	0	1	0	0	1	0	0	0	2	2	0	1	0	4	3	0	0	1	1	1	3	1	0	4	3	4	2	3	2	2	0	2	0	2	5	0	2	0	2	2	2	1	1	1	0	0	0	2	0	2	0	2	2	2	2	1	0	2	3	1	7	4	4	7	5	1	1	1	1	0	0	1	1	2	1	0	0	2	2	3	3	4	11	13	4	9	4	4	3	2	3	1	3	5	3	2	8	3	17	15	34	28	25	32	13	7	6	5	9	13	29	30	25	28	23	19	20	19	16	14	9	5	15	21	41	33	49	46	51	38	44	21	18	16	17	10	9	6	9	11	10	11	12	11	8	9	5
0	0	0	0	1	1	0	0	2	1	1	0	1	2	2	1	1	0	1	0	3	2	1	1	1	0	6	4	4	2	3	2	1	2	0	1	2	0	4	3	0	0	0	1	0	1	1	0	0	1	0	1	0	0	0	1	0	0	2	0	1	1	0	1	3	3	6	3	2	1	0	1	0	2	1	5	0	0	1	1	2	1	2	6	5	6	6	7	6	3	7	0	3	3	1	0	1	2	5	3	5	19	13	13	17	13	9	8	4	11	8	9	7	19	21	22	26	13	18	26	18	18	25	15	19	20	30	20	35	44	43	49	48	43	24	12	15	16	11	16	12	9	5	14	11	14	8	15	8	7
1	0	1	1	1	0	1	0	0	1	1	0	0	0	0	3	1	3	5	1	0	1	2	1	0	2	1	1	3	5	1	2	2	0	1	1	1	0	2	1	1	0	2	2	1	2	0	0	0	0	0	0	0	1	0	0	1	0	1	1	0	2	1	3	3	5	2	2	0	0	1	1	0	0	1	1	0	1	0	0	1	0	0	5	4	3	2	2	3	1	0	0	0	3	1	1	2	2	3	8	5	6	10	6	14	10	4	8	6	7	8	8	18	24	25	11	16	10	20	17	29	18	12	17	17	21	33	36	47	50	63	39	57	32	29	15	15	10	13	16	7	14	9	10	16	9	8	9	15	10
1	2	0	1	1	0	0	1	1	0	3	2	1	0	4	7	1	5	2	1	2	0	1	0	4	0	2	5	1	2	2	4	1	2	0	1	3	2	5	1	2	1	1	1	1	1	1	1	2	0	0	0	0	0	1	0	1	0	0	1	0	2	1	2	2	3	1	4	1	2	0	1	0	1	0	0	1	1	2	0	2	0	2	3	4	1	3	3	1	1	0	1	2	0	0	1	0	1	1	2	6	5	1	7	8	7	3	2	7	2	4	6	9	10	9	7	13	9	6	9	15	19	10	9	16	22	39	35	38	49	54	42	42	24	27	18	12	16	9	10	7	9	15	11	12	9	8	14	14	11
0	0	0	0	0	0	0	0	1	0	0	2	4	8	6	7	9	7	2	2	4	3	0	0	1	0	1	0	1	1	1	3	0	2	2	2	0	2	4	6	1	1	1	0	2	0	1	0	1	1	1	0	0	1	0	0	0	0	0	1	0	0	2	2	2	1	0	4	2	0	0	0	2	0	0	0	0	0	0	1	2	1	0	3	1	2	3	2	2	1	3	0	1	3	1	2	3	4	4	2	5	3	4	8	4	6	5	3	5	3	5	5	9	4	8	4	8	7	8	5	18	8	10	23	17	21	34	29	48	44	50	43	23	41	30	25	13	13	13	12	15	18	20	11	10	7	10	11	10	8
0	1	0	0	1	1	3	0	0	0	0	1	4	3	7	12	2	9	2	1	1	1	1	1	1	1	0	1	0	1	1	7	2	4	2	0	2	3	5	3	3	2	0	2	2	0	0	1	0	0	0	0	0	0	0	0	0	1	1	1	0	0	2	1	0	1	0	0	0	1	1	0	0	0	0	0	1	0	0	1	0	1	1	2	1	3	1	1	1	1	0	0	3	0	0	2	1	6	4	5	4	2	3	2	2	4	5	6	5	11	13	11	3	9	7	1	5	4	6	6	8	13	10	10	22	26	39	37	25	49	47	58	47	44	30	26	9	15	17	11	8	18	12	18	17	7	14	8	12	16
1	1	2	0	0	0	0	0	0	1	2	2	0	6	5	12	3	1	0	0	0	0	1	0	1	1	0	0	0	1	1	0	3	4	2	1	1	1	4	7	2	0	0	1	0	3	0	0	0	0	0	1	1	0	0	0	0	0	1	0	1	1	3	1	0	2	1	2	2	0	0	0	0	1	1	0	1	1	3	1	1	0	1	1	0	3	5	1	0	2	2	4	0	5	4	1	1	2	0	1	1	2	2	7	8	2	4	11	6	14	8	6	4	8	4	3	5	6	4	10	7	11	13	19	25	31	30	41	48	37	49	39	44	38	31	19	14	13	11	15	10	14	22	14	9	14	17	10	13	18
0	1	1	1	0	0	0	0	2	0	1	0	2	4	8	3	2	3	2	0	1	1	1	0	0	0	0	5	0	3	1	4	0	6	4	3	2	4	0	0	0	2	0	1	0	0	1	0	0	1	0	0	0	0	1	0	0	1	1	1	0	1	2	2	2	1	3	1	2	0	0	0	0	0	2	1	1	0	0	0	1	3	0	2	1	1	4	1	3	1	3	7	13	2	10	1	1	2	1	1	2	1	1	6	10	6	3	9	3	7	6	5	5	7	3	6	2	0	3	8	10	16	15	20	20	23	36	38	31	47	47	46	40	41	33	16	15	20	10	10	12	17	18	10	18	16	8	19	9	10
0	0	0	1	0	0	2	1	1	0	1	4	3	3	3	2	2	1	2	3	1	1	1	1	3	2	0	1	4	1	1	1	2	4	11	8	11	7	5	1	3	1	0	1	0	1	0	0	0	0	1	0	1	0	1	2	0	0	0	0	0	1	2	0	2	1	0	0	0	1	2	1	0	1	0	0	0	1	1	1	0	1	2	1	2	3	0	1	2	3	5	16	15	13	5	3	1	2	0	1	1	1	3	2	4	2	2	5	5	4	4	4	3	5	5	2	4	2	6	8	14	14	24	21	22	52	42	30	35	36	39	37	37	39	33	24	14	24	9	11	12	10	13	13	14	14	12	12	15	11
0	0	1	0	0	1	0	1	0	2	0	3	3	1	2	4	1	0	1	2	1	0	0	1	0	0	0	1	2	4	5	4	8	10	18	19	9	9	8	3	2	1	0	1	0	0	1	0	1	0	0	1	0	1	0	1	0	0	0	0	1	2	0	0	0	2	0	0	0	0	2	1	2	0	1	0	2	1	0	2	4	1	0	0	1	0	2	1	4	5	4	16	18	7	6	2	3	4	4	3	1	1	3	5	2	1	3	5	5	0	2	1	4	4	1	6	5	8	9	13	17	20	18	24	34	31	38	46	29	37	33	29	42	27	35	15	15	7	14	15	9	14	18	18	10	11	9	13	5	18
1	1	2	1	0	0	0	0	0	1	3	4	2	1	0	0	2	1	1	0	1	0	0	3	1	1	3	1	3	1	5	15	27	26	29	22	11	9	6	0	1	2	1	1	1	3	0	2	0	0	0	0	0	0	0	0	0	1	0	0	0	1	2	1	0	1	1	0	0	3	0	1	0	2	0	1	2	1	1	0	3	3	0	2	2	3	1	1	3	3	12	16	24	17	3	9	2	1	5	4	2	3	1	2	1	1	1	1	2	1	1	3	4	4	1	2	4	1	7	8	15	19	22	24	20	34	31	35	42	34	44	32	38	30	29	22	12	11	12	8	16	14	14	15	16	14	10	12	14	13
0	1	1	1	0	0	0	0	1	0	2	1	2	0	2	2	3	1	0	1	0	0	0	0	1	1	2	3	6	11	15	23	31	22	33	21	20	9	4	1	1	2	2	1	0	1	1	0	0	2	0	0	1	0	1	1	3	2	0	0	1	2	0	0	3	0	1	0	1	0	2	0	2	2	0	1	0	1	0	1	0	2	2	1	0	2	2	5	1	4	10	20	19	21	8	4	3	1	2	1	0	4	1	2	1	0	2	1	5	2	6	4	8	13	5	9	1	7	6	7	5	12	23	31	30	31	28	40	47	37	58	41	44	35	14	21	14	10	9	11	12	10	14	16	14	11	10	10	18	7
2	1	1	1	0	1	0	0	0	1	0	2	2	0	2	1	0	1	0	0	0	0	0	1	2	0	2	3	2	10	19	27	19	30	25	19	11	8	11	3	3	1	0	0	0	1	0	0	1	0	1	0	0	0	0	0	0	1	1	0	0	0	1	0	0	0	0	0	0	0	1	3	1	3	0	1	1	2	1	2	2	3	3	1	1	1	1	3	6	7	9	22	23	16	7	1	0	0	2	1	1	0	0	1	1	1	3	2	2	3	1	9	14	13	11	3	4	4	8	9	5	13	23	19	25	31	36	39	37	34	40	33	42	31	20	23	15	15	15	14	13	8	7	9	8	17	11	16	7	14
1	0	3	0	1	0	1	1	2	1	0	0	0	1	3	0	0	0	1	1	2	0	0	1	0	2	0	3	2	16	13	25	28	41	21	12	9	8	3	1	0	1	0	0	0	0	0	0	0	1	1	0	0	0	0	1	0	0	0	0	0	1	0	0	0	0	1	1	1	1	1	5	2	1	3	2	1	1	0	0	3	2	2	2	0	2	0	3	5	6	7	19	13	9	5	0	2	1	0	0	0	4	1	4	0	2	1	0	1	0	1	7	7	8	5	1	2	3	4	5	10	15	23	21	22	33	28	32	37	36	38	32	41	21	22	19	15	14	9	7	7	9	9	15	15	9	11	10	17	14
0	2	1	0	0	1	0	1	0	1	0	0	2	1	0	0	0	0	0	1	0	0	2	2	0	0	0	2	1	10	11	19	22	23	14	12	7	5	6	3	0	2	0	0	1	0	0	0	1	0	0	0	1	0	0	0	1	1	1	0	1	1	6	3	0	1	1	3	1	1	1	4	5	1	5	3	1	3	0	4	1	0	0	3	0	0	2	3	2	12	12	7	12	8	5	3	2	3	0	0	1	1	2	1	0	0	1	1	2	4	3	7	4	5	3	5	6	0	4	4	9	19	18	13	19	23	30	26	39	30	23	44	34	27	37	19	19	12	17	7	16	5	6	19	12	9	13	12	17	21
2	1	0	1	0	0	0	5	0	0	1	1	0	0	0	3	0	0	1	1	0	1	1	1	0	0	1	2	5	1	15	9	15	4	8	11	5	1	0	1	2	1	0	0	0	0	0	1	0	1	0	1	1	0	1	1	0	0	2	1	0	3	2	2	1	0	3	0	4	2	2	7	8	2	2	3	3	3	4	4	1	0	1	0	0	0	0	1	3	3	2	2	5	7	3	3	0	0	0	0	0	1	0	2	0	1	1	2	1	2	1	6	5	3	5	3	5	1	6	5	9	11	16	19	22	18	25	34	36	27	23	32	40	16	22	19	18	11	14	14	10	8	16	10	7	16	16	20	19	30
1	1	1	1	0	0	0	2	1	1	0	1	0	0	3	0	1	2	0	0	0	0	0	0	1	0	2	2	4	5	2	4	7	6	2	7	3	3	1	2	1	0	1	0	2	0	2	0	1	0	0	1	0	1	1	2	3	0	0	1	1	3	3	2	2	0	1	0	2	4	1	7	6	7	5	4	0	2	1	3	1	2	1	2	0	2	2	2	0	2	0	5	1	3	0	0	0	0	0	0	0	1	3	1	0	1	1	1	1	4	3	3	4	2	1	2	2	6	6	3	10	16	12	27	23	21	39	33	30	31	27	27	29	22	24	19	18	11	8	11	7	14	15	9	16	16	17	13	20	17
0	0	0	1	0	0	3	2	0	0	2	0	2	0	0	1	4	3	3	1	0	0	1	0	0	1	0	0	2	1	2	6	4	2	3	4	0	4	2	2	0	0	0	0	0	0	1	2	0	0	0	1	0	1	0	1	0	0	0	2	2	1	1	0	3	0	0	4	2	6	6	4	7	5	3	2	3	2	1	4	1	3	0	1	1	0	1	1	4	3	2	1	2	2	0	1	0	2	1	0	3	0	1	2	1	0	0	2	2	2	8	14	5	1	5	4	3	7	5	7	17	19	25	13	20	34	26	26	25	19	28	20	25	22	19	16	17	15	6	19	9	12	13	9	17	12	15	23	22	30
0	1	3	0	0	2	3	0	1	0	0	0	0	0	0	0	2	3	0	0	0	0	0	0	0	1	0	1	2	1	1	0	1	1	2	0	0	2	1	1	1	0	0	1	0	0	1	0	0	2	0	2	1	0	0	1	1	1	1	1	2	1	0	1	0	1	2	1	0	3	3	9	11	7	3	2	1	4	3	2	2	0	2	1	0	0	1	1	2	0	1	1	0	0	1	0	1	4	1	2	5	1	0	0	1	0	1	4	0	4	7	19	7	6	4	1	7	9	7	16	8	19	24	24	24	31	32	37	30	24	24	28	19	23	32	27	15	9	18	14	9	11	11	15	9	17	15	26	17	29
0	2	0	2	0	1	1	0	0	0	0	0	0	0	1	0	0	0	0	0	1	0	2	0	0	0	0	1	0	1	1	1	2	2	1	2	1	2	0	0	0	0	0	0	0	0	0	1	1	0	0	0	0	1	2	2	0	1	0	1	0	1	1	1	0	1	2	2	5	6	7	9	4	5	2	3	1	4	4	0	0	0	1	0	3	2	4	2	1	0	0	1	1	1	1	4	0	2	3	2	1	1	3	1	4	1	2	0	6	4	19	10	11	8	11	10	9	9	9	4	27	24	21	20	32	29	19	32	22	22	24	20	14	22	22	18	12	9	12	11	7	10	13	10	9	13	17	23	30	20
1	1	2	0	1	1	2	0	1	0	1	1	0	1	2	1	2	2	0	0	2	0	0	0	0	0	0	0	1	1	1	0	1	1	0	0	1	0	0	1	0	0	0	0	0	1	0	1	0	0	0	1	3	0	0	0	0	2	0	1	1	0	0	1	1	2	1	1	4	2	5	5	5	3	1	0	3	4	1	2	1	0	2	2	2	2	3	2	1	1	1	0	2	2	1	2	1	3	3	2	1	4	1	0	1	1	1	3	9	14	19	11	10	9	10	15	14	15	17	20	14	33	27	33	37	34	32	24	40	18	13	14	19	20	11	15	15	17	18	14	7	18	16	13	15	22	20	21	23	21
1	3	0	1	0	0	2	1	4	0	0	0	0	1	0	1	1	0	0	0	0	0	1	0	0	0	1	1	0	0	1	1	2	0	0	0	0	1	1	0	0	1	2	0	0	0	0	0	1	0	2	0	0	0	0	0	0	0	0	0	2	1	1	0	2	0	0	3	3	6	3	7	4	5	1	1	2	1	2	2	2	3	0	2	0	0	0	0	3	1	0	3	0	0	2	0	2	3	3	4	4	1	2	2	5	4	1	4	11	12	11	14	7	4	9	22	16	21	17	19	16	35	40	40	29	39	25	31	20	25	23	18	20	20	21	23	16	17	21	9	10	11	11	24	20	10	19	19	16	18
0	0	1	2	0	0	0	1	0	0	0	1	1	0	0	0	0	0	1	0	1	1	0	0	0	1	0	1	0	0	1	2	0	2	0	0	1	1	0	1	0	1	2	0	0	0	0	1	0	0	1	0	1	0	1	0	0	0	0	0	1	1	0	2	2	0	1	4	3	1	3	0	3	3	3	1	1	1	6	2	3	0	0	2	1	0	0	1	0	0	1	1	1	5	1	1	2	4	2	4	1	2	0	2	4	2	2	5	5	9	8	8	15	7	4	18	18	17	15	19	26	31	40	42	39	24	25	27	31	29	29	15	20	26	21	25	15	16	12	12	11	18	14	19	20	30	14	20	13	18
1	6	1	0	0	3	2	0	4	0	1	0	0	0	0	0	0	0	1	0	0	0	1	1	1	0	0	0	0	1	0	1	2	1	2	0	0	0	1	1	0	1	0	0	1	0	0	0	0	0	0	0	0	0	0	0	0	2	1	1	0	1	1	1	1	2	1	3	2	8	5	0	1	1	1	0	2	1	1	1	0	0	1	0	1	2	2	4	0	1	0	1	0	3	5	2	2	4	2	3	3	8	2	2	3	2	3	9	9	17	13	18	6	7	12	8	12	17	13	14	24	17	29	31	36	35	32	40	29	37	20	23	28	37	36	28	18	9	13	10	12	14	15	21	17	35	17	12	17	19
1	5	1	0	1	1	0	1	0	1	1	1	1	0	0	1	0	1	0	0	0	1	0	1	1	1	2	0	0	0	0	1	4	1	0	1	1	0	1	1	0	1	0	0	0	0	0	1	0	0	1	0	0	2	1	0	1	0	2	1	1	0	0	0	0	1	0	1	3	1	3	2	1	0	0	0	3	0	2	1	1	0	0	1	3	2	2	2	4	1	3	4	0	1	1	2	7	8	9	3	4	5	6	8	5	3	1	8	12	13	13	11	15	11	7	6	15	10	14	15	27	29	25	21	25	30	29	26	23	28	20	31	30	30	14	26	13	22	13	23	10	17	22	22	22	14	23	20	17	24
2	3	5	5	1	1	1	1	1	2	0	0	0	1	1	0	0	1	1	0	2	0	2	0	0	2	0	1	1	0	1	2	2	1	1	0	0	1	0	0	1	2	2	2	0	3	1	1	0	1	0	0	0	0	0	1	0	0	0	0	0	0	1	0	2	1	4	3	2	1	2	1	3	0	1	0	2	1	1	0	0	0	0	0	0	1	2	1	4	1	3	4	8	4	4	9	4	11	6	7	17	7	6	11	8	11	16	10	13	24	16	20	22	9	8	10	6	9	17	14	24	24	28	22	25	34	30	21	20	28	27	34	29	32	14	23	12	11	13	13	15	12	24	15	18	16	27	23	24	25
1	2	1	3	3	0	0	2	1	2	0	1	1	0	0	2	0	1	2	1	1	0	1	2	1	0	0	0	0	0	0	0	0	3	1	0	0	0	1	0	1	1	0	0	0	1	0	0	1	2	0	0	1	1	1	1	1	0	1	0	1	2	0	1	4	5	1	1	3	1	0	1	1	1	1	1	0	0	2	1	0	0	1	2	2	0	2	2	4	10	14	8	3	3	7	5	8	11	12	9	17	7	12	9	16	12	15	15	15	23	23	23	20	10	9	8	5	4	6	17	15	26	20	26	27	30	19	25	16	19	28	29	30	21	30	26	12	17	15	17	11	19	18	12	12	24	26	27	26	21
3	4	1	0	7	2	5	2	4	0	0	1	1	2	3	1	0	2	0	0	0	0	1	1	0	0	0	0	0	1	1	0	2	1	1	2	1	0	0	1	1	2	0	1	0	0	0	0	0	0	0	0	1	0	2	0	1	1	1	0	3	0	0	5	5	2	1	2	1	1	0	3	1	0	1	0	0	1	1	2	0	4	0	0	0	2	0	2	1	10	9	8	4	3	4	10	5	4	9	8	16	10	10	16	14	19	18	12	15	17	21	19	13	10	11	7	4	6	8	3	7	9	16	24	29	27	23	30	19	22	24	30	21	18	32	20	28	22	18	19	17	12	19	19	14	24	34	27	22	23
1	1	1	7	5	3	4	6	1	0	0	1	1	0	3	1	2	3	0	1	0	0	1	0	1	0	1	0	0	0	0	0	0	3	0	0	1	1	1	1	1	0	0	1	2	1	0	0	1	2	1	1	0	1	1	1	2	1	0	1	0	2	2	5	3	0	1	0	1	1	0	0	1	1	2	2	0	0	0	2	0	2	2	0	1	1	1	2	1	6	7	5	2	2	2	4	4	4	3	1	6	1	9	16	14	11	8	15	19	19	14	21	11	14	7	3	5	1	0	5	4	9	22	14	25	24	33	23	20	22	32	31	32	25	13	17	21	10	10	11	15	15	15	20	17	8	22	28	16	16
0	0	0	0	0	5	4	4	0	2	1	1	1	4	6	2	3	1	1	0	0	0	1	2	2	0	1	0	0	0	0	0	0	1	0	0	0	1	0	0	1	1	1	0	2	0	2	2	0	0	0	0	1	1	0	0	1	0	1	0	3	2	1	1	1	1	2	0	1	2	0	1	0	1	1	1	0	1	0	0	0	0	0	0	0	0	0	1	1	1	5	3	2	2	2	1	4	5	3	6	1	4	6	5	11	6	16	11	10	21	18	13	11	20	8	4	6	3	7	4	3	11	13	32	32	27	29	24	21	27	22	32	23	24	31	23	13	12	13	19	14	10	10	19	27	30	32	29	23	11
1	0	0	0	1	2	9	6	2	1	0	2	0	2	3	3	1	0	1	0	2	0	0	1	0	0	0	0	0	2	0	1	0	1	0	1	0	0	1	1	2	1	1	1	0	0	0	1	0	1	2	0	0	1	2	1	0	2	1	0	1	0	2	3	1	0	1	0	0	1	0	1	0	0	0	0	0	0	0	2	1	0	3	1	1	0	2	1	0	1	3	2	0	2	0	1	1	4	7	2	3	4	8	5	7	6	14	11	12	22	22	13	9	11	7	7	4	0	3	4	7	7	11	20	23	22	29	21	29	33	25	21	28	22	19	15	10	11	12	6	10	10	11	31	27	29	25	19	16	20
0	1	0	0	2	0	6	2	0	2	3	7	2	6	2	0	2	0	0	0	0	1	0	0	0	2	0	0	0	0	0	0	0	1	0	1	0	1	0	1	0	4	1	0	1	0	0	0	0	0	0	0	2	1	0	1	0	1	1	0	2	2	1	0	0	0	0	0	0	2	1	0	1	1	1	2	0	3	0	1	2	0	0	1	2	0	1	0	1	0	1	0	2	2	2	1	2	3	1	1	1	2	6	3	2	2	5	12	19	24	16	17	18	15	13	8	6	4	4	3	5	8	11	15	23	25	19	16	20	20	23	23	23	26	21	16	14	13	11	10	13	12	27	28	19	25	34	26	20	21
0	0	0	3	2	6	3	2	1	1	1	5	1	0	0	3	0	1	2	0	0	0	1	1	1	0	0	1	1	0	0	0	0	0	0	0	0	0	0	1	0	0	0	1	0	0	1	2	1	0	0	0	1	0	2	2	1	1	0	0	2	0	0	2	0	0	0	1	0	2	0	0	1	0	0	1	0	0	0	0	0	0	1	3	1	1	0	0	1	2	1	2	2	1	3	1	1	2	1	0	1	5	5	5	4	3	3	5	16	15	9	13	8	15	14	9	7	4	5	6	10	8	14	16	15	25	24	20	18	24	16	18	21	16	15	17	9	19	15	19	14	19	34	24	37	27	26	26	13	23
0	0	0	1	1	2	0	0	2	2	2	2	1	2	1	0	0	0	0	0	3	1	0	0	1	0	0	0	1	1	1	0	1	0	0	0	0	0	2	0	1	2	2	1	0	1	0	1	0	2	0	0	4	1	3	2	1	2	0	2	0	2	1	0	0	0	0	0	0	0	0	0	0	0	1	0	0	0	0	1	0	0	1	1	0	0	0	0	1	0	2	0	0	0	1	0	0	1	1	3	1	5	2	1	2	3	2	8	9	8	9	12	13	17	6	9	9	6	4	4	5	10	16	19	20	26	30	35	35	19	18	18	12	13	11	14	17	17	21	18	14	21	25	29	35	23	28	22	16	23
1	0	1	1	0	0	0	1	0	1	2	0	2	2	0	1	1	0	1	2	0	1	2	0	0	0	1	1	0	0	0	0	1	1	1	0	0	0	1	0	0	1	0	2	0	1	0	0	0	2	1	6	4	1	0	0	3	2	3	1	1	0	2	0	0	2	0	0	0	0	1	0	0	2	1	0	0	0	1	2	1	7	1	0	0	1	1	3	3	0	0	0	0	0	0	0	2	4	1	1	3	5	3	4	4	4	3	2	13	2	8	8	15	10	10	8	15	6	8	8	9	14	14	20	17	33	36	32	31	26	12	20	21	12	11	8	21	24	25	13	17	15	11	28	30	32	29	25	22	17
0	1	1	1	1	1	0	0	4	3	1	0	0	1	1	2	0	1	0	1	1	0	1	0	0	1	2	1	1	2	0	0	1	2	3	2	0	1	0	1	0	1	0	1	0	0	0	0	0	0	0	1	0	1	2	0	2	1	2	2	0	0	1	2	0	0	2	0	1	1	1	1	0	0	1	0	0	0	0	1	2	1	1	0	1	2	0	1	0	0	0	2	0	0	0	0	1	2	2	1	3	7	5	4	2	4	2	3	10	7	6	5	13	11	11	13	11	12	6	4	7	12	16	19	24	35	35	40	25	25	22	11	17	11	13	17	30	22	14	14	24	23	31	26	29	39	25	11	19	23
1	0	0	3	1	0	2	2	2	1	1	1	3	0	1	1	2	1	0	1	0	1	0	1	0	0	0	0	1	0	0	0	1	0	1	0	0	0	0	0	0	0	0	3	0	1	0	0	1	1	3	2	0	2	3	1	0	1	0	1	0	0	0	2	1	1	1	1	1	0	0	0	1	0	0	0	0	2	0	0	2	0	2	1	0	1	0	0	0	0	0	0	0	2	0	2	0	1	1	3	8	6	10	4	3	3	5	2	2	6	6	7	13	10	13	8	9	8	7	11	10	17	25	17	37	41	38	32	20	14	15	12	15	14	18	22	26	18	14	11	19	17	17	27	26	41	31	20	14	18
0	0	0	0	0	1	0	2	0	0	0	1	0	0	2	0	1	2	1	0	1	1	1	0	1	2	3	0	0	1	0	0	1	1	0	2	0	0	0	0	0	0	1	0	0	0	0	1	1	0	0	1	2	1	0	1	1	0	2	3	0	2	2	2	0	0	0	1	0	0	0	2	0	0	1	0	2	1	1	0	0	0	0	0	1	1	0	2	0	1	0	0	0	0	4	2	1	1	2	3	6	6	4	3	4	11	15	7	13	7	7	4	7	6	7	7	10	7	4	9	9	13	30	32	38	42	35	41	24	21	15	14	23	16	9	23	20	20	15	8	18	28	30	39	34	27	24	24	17	19
0	0	0	0	4	1	1	1	0	2	0	0	0	3	3	1	1	2	0	1	1	0	0	1	0	0	0	0	0	1	1	0	0	0	0	0	1	1	0	0	1	0	0	0	0	0	1	0	0	2	1	3	1	4	1	1	1	2	1	1	3	2	1	1	2	0	0	1	0	1	2	1	0	0	1	0	3	0	0	1	1	0	0	0	0	0	0	0	1	0	0	1	1	0	0	1	2	2	4	2	6	1	4	3	6	3	13	9	15	6	4	3	12	4	3	2	1	3	14	8	17	13	33	28	35	34	36	23	20	16	16	12	20	18	13	17	8	16	15	12	12	24	28	32	31	18	20	20	15	11
1	2	0	1	3	2	1	1	2	2	1	1	1	2	0	1	1	0	0	0	0	0	0	0	0	2	1	2	1	0	1	1	1	0	1	0	0	1	1	0	0	1	0	0	1	0	0	0	1	1	0	2	0	1	1	3	1	1	2	0	6	1	5	1	2	1	0	0	1	1	0	1	1	1	1	0	0	1	0	0	1	1	0	0	1	1	2	0	0	0	0	0	2	0	0	2	2	3	4	8	3	6	4	3	4	8	9	16	16	9	9	5	4	2	4	3	4	7	10	16	15	28	24	39	31	23	20	24	13	15	20	7	16	15	20	25	12	13	21	14	17	19	16	25	28	20	21	15	11	4
1	2	1	0	0	1	0	1	0	2	4	5	3	2	1	3	0	0	0	0	1	0	1	1	1	1	0	0	0	2	1	0	1	0	1	0	1	1	1	1	0	1	0	1	0	1	1	0	1	1	2	2	1	3	1	1	7	6	3	0	1	2	2	1	1	2	3	0	3	0	0	0	2	0	1	2	1	0	1	0	0	0	0	1	0	0	0	1	1	0	1	0	0	2	2	0	0	1	3	5	6	11	7	6	7	9	18	12	10	9	5	4	2	3	2	3	2	5	9	11	17	22	34	32	19	27	25	14	13	10	9	19	24	15	17	18	16	13	15	15	30	26	30	21	22	14	12	13	8	2
0	0	1	0	0	1	1	2	2	1	4	0	2	3	1	1	1	0	1	1	1	2	2	1	1	3	0	0	0	0	0	2	1	0	0	0	1	0	1	1	0	2	1	2	0	1	2	2	0	1	3	6	5	7	13	3	0	3	4	1	5	2	1	1	1	0	2	0	1	0	0	0	2	1	0	1	3	1	2	1	0	1	1	1	0	3	2	0	0	0	0	2	0	0	1	1	2	2	3	7	7	4	5	9	3	19	15	8	7	8	12	11	4	2	5	3	5	3	9	8	14	28	38	28	31	11	26	14	10	13	15	19	16	18	22	18	10	9	15	14	16	14	20	27	18	17	15	19	6	1
3	0	1	0	1	2	0	0	1	2	6	4	9	2	5	1	0	3	1	0	1	0	0	1	2	0	1	1	1	0	2	1	0	1	0	1	0	2	0	1	1	3	3	1	0	2	1	1	1	3	4	4	10	9	8	11	5	4	5	4	1	2	2	1	1	0	1	0	1	1	1	1	1	3	1	4	1	1	1	0	0	1	0	1	1	0	1	2	0	2	1	0	0	0	2	1	3	1	3	1	5	7	8	2	6	4	3	10	7	10	9	5	5	10	2	5	3	4	7	9	12	22	23	22	21	23	14	11	14	12	23	12	15	11	18	15	16	14	12	14	17	15	17	20	23	14	7	6	3	2
2	0	3	0	0	0	0	0	3	4	6	4	5	1	3	3	3	1	1	0	1	2	1	0	1	2	5	0	2	1	2	0	1	1	1	1	0	0	0	1	0	3	4	1	4	1	0	2	1	1	3	6	7	16	20	19	13	9	6	5	3	1	6	1	0	0	0	0	1	0	1	1	0	0	3	3	1	1	3	0	1	0	1	0	2	1	0	0	1	0	1	0	0	2	0	4	3	0	2	1	9	3	4	1	5	3	7	3	8	14	10	12	12	7	10	1	5	5	5	11	14	14	19	25	22	14	21	11	15	7	14	10	16	9	10	9	19	11	21	13	20	13	6	20	10	19	14	6	2	0
1	1	0	0	1	0	1	1	2	6	5	5	4	1	0	1	0	1	0	0	1	1	1	2	0	1	6	5	3	1	1	1	1	0	0	1	0	1	3	3	8	3	10	3	5	3	0	2	2	5	8	6	20	28	22	13	8	7	3	3	4	0	2	2	2	0	0	2	2	0	2	2	1	1	1	2	2	1	0	0	0	1	0	0	1	0	1	2	1	0	3	0	0	2	3	3	1	1	3	1	6	4	4	3	5	3	6	10	8	11	6	11	8	13	5	3	3	2	4	10	25	31	24	22	22	17	13	9	8	7	9	11	14	10	17	19	20	14	18	21	18	22	12	18	18	12	7	6	1	0
0	0	3	2	0	0	2	5	2	10	7	4	6	7	5	3	2	1	2	0	1	0	0	1	2	1	2	4	5	6	2	0	0	1	0	1	0	0	2	3	6	8	9	9	12	6	1	0	1	5	18	15	26	25	31	10	6	8	3	6	4	1	1	1	1	0	0	2	2	0	0	2	4	5	3	3	2	0	0	1	1	1	0	4	3	2	0	0	0	1	0	0	1	4	2	1	4	3	1	3	4	5	5	6	9	7	9	9	11	8	14	5	9	2	5	8	8	4	7	15	24	31	37	22	21	15	11	11	5	11	12	9	15	16	14	7	13	18	20	12	18	12	14	15	15	11	6	3	4	2
0	0	0	1	1	0	3	12	8	7	5	4	7	5	3	2	1	0	1	1	1	1	1	0	3	1	1	3	4	2	4	2	0	4	0	0	1	2	3	5	7	16	6	11	8	6	4	0	2	9	21	30	29	28	34	15	12	3	4	2	2	0	0	1	0	3	1	2	1	2	0	1	10	1	4	6	0	0	0	1	1	0	0	2	1	0	2	3	1	1	1	3	2	2	3	2	2	4	0	2	2	6	10	8	6	5	9	7	8	6	10	5	8	5	2	3	3	18	10	13	20	29	24	21	10	12	14	14	18	7	14	6	14	8	7	12	15	12	17	17	14	17	9	12	15	14	8	4	5	2
0	0	2	1	3	1	6	5	6	12	13	4	11	8	4	2	3	1	0	1	2	0	1	2	0	1	2	0	2	0	1	2	0	2	1	1	0	0	2	4	7	10	11	8	9	3	4	3	3	14	22	25	14	34	24	17	7	6	3	1	1	0	0	1	2	0	1	0	3	1	8	6	11	9	6	6	5	1	2	1	1	2	0	4	1	1	1	5	3	1	5	0	1	0	2	4	1	3	2	2	3	8	3	8	4	8	11	6	5	4	4	2	5	2	4	5	9	7	13	21	21	28	33	19	14	12	16	13	9	13	11	11	8	7	10	13	15	23	18	13	19	18	24	17	14	11	15	8	6	2
1	0	0	0	1	1	9	4	7	18	20	17	4	13	12	17	9	3	1	1	2	0	1	0	1	1	0	2	0	3	0	3	1	0	1	1	0	0	1	11	11	8	12	10	4	3	1	2	3	8	17	19	21	23	13	10	8	6	0	0	1	1	0	1	0	1	4	3	4	11	13	18	10	10	2	2	5	0	2	3	2	2	2	3	1	3	0	1	1	0	2	3	2	2	2	1	2	3	2	4	7	7	6	6	8	10	9	8	6	4	1	8	6	5	8	3	6	8	14	21	28	40	25	24	16	13	14	18	12	12	15	11	9	10	8	13	17	11	12	20	17	21	15	9	17	15	5	3	4	4
0	0	0	1	0	3	4	11	17	17	18	14	14	8	15	18	17	4	5	4	0	1	0	0	1	0	0	1	0	3	3	2	1	1	0	0	1	3	3	11	12	10	9	12	7	2	2	3	3	5	6	6	8	10	10	5	8	4	3	1	0	2	0	1	1	3	3	8	10	10	16	18	16	12	6	11	7	4	5	5	6	3	7	6	4	1	2	2	0	0	1	1	0	3	1	3	1	1	6	4	3	3	7	5	7	5	3	6	1	1	5	3	6	4	5	2	13	10	13	19	30	31	32	15	19	9	8	16	12	14	9	16	15	16	14	12	15	18	17	14	17	18	22	21	19	15	13	7	5	7
0	0	1	0	0	3	4	11	13	20	16	23	18	20	25	13	13	2	2	1	1	0	1	1	1	0	0	2	2	1	2	4	1	1	0	0	2	2	0	5	8	10	11	7	7	6	0	4	4	3	1	6	5	2	3	4	4	3	0	1	0	3	3	3	0	4	6	16	15	14	25	20	11	10	10	12	2	4	6	3	8	6	2	4	0	2	2	2	0	1	0	0	1	1	1	2	6	6	4	2	7	3	2	7	11	3	5	1	3	2	2	9	15	5	5	5	11	13	19	23	23	32	26	16	5	14	18	6	13	17	7	12	16	16	16	18	19	14	8	11	19	18	14	15	20	16	12	11	10	10
0	1	0	0	1	5	11	11	12	21	26	20	19	16	20	16	9	11	9	2	2	2	0	0	0	1	1	4	2	0	2	3	1	2	1	2	1	2	3	8	5	5	8	11	7	5	1	0	3	4	2	3	3	1	4	1	1	1	2	2	1	0	0	0	6	4	20	20	26	25	36	35	25	16	5	4	5	16	12	24	15	6	9	9	7	3	0	0	0	0	1	1	0	2	4	2	7	5	4	1	5	4	5	6	5	2	2	1	3	2	5	5	8	5	2	9	11	18	21	28	26	30	20	20	22	12	9	15	16	9	12	9	22	19	21	22	19	15	20	15	18	19	27	28	18	18	6	7	7	8
1	0	1	2	1	2	2	6	13	15	37	25	17	13	9	9	6	4	6	5	1	0	0	1	4	4	2	2	3	1	4	3	0	3	2	3	1	5	1	5	2	9	2	12	5	0	4	1	3	1	0	4	3	3	1	2	1	1	1	2	2	1	0	2	7	12	19	28	26	35	31	39	21	17	3	3	13	20	25	20	12	10	4	5	4	1	1	0	0	1	0	2	3	0	2	3	1	9	2	3	3	3	2	1	4	3	0	1	3	7	2	4	6	5	5	5	14	21	31	29	28	27	19	23	13	16	8	12	13	14	14	17	22	17	16	16	20	19	16	14	12	19	13	32	15	13	7	8	13	7
1	1	2	4	2	2	5	3	6	10	15	15	23	17	14	13	8	4	2	4	0	1	1	2	4	1	2	6	3	4	2	1	0	4	1	2	6	8	0	7	3	9	13	10	5	1	1	0	1	0	1	4	0	0	1	0	1	1	1	0	2	2	0	1	1	14	10	23	25	46	31	31	10	13	5	7	15	13	19	15	10	5	2	2	7	1	0	0	0	1	3	1	1	2	6	2	7	6	2	4	5	2	4	3	3	3	2	4	2	1	8	7	7	6	4	8	9	9	14	25	26	17	15	20	13	17	11	15	9	11	25	11	16	11	19	16	14	23	21	15	23	24	27	22	15	15	6	12	6	7
1	0	1	0	1	2	2	8	5	11	11	9	15	15	9	6	7	4	3	3	0	0	0	0	2	3	6	3	2	1	0	0	1	2	1	3	8	3	6	7	8	8	7	4	3	3	0	0	0	1	0	0	0	1	0	2	0	0	2	3	2	3	4	3	8	6	22	26	26	32	21	19	12	7	1	3	8	19	10	6	4	2	6	3	2	1	0	1	1	0	1	0	4	3	9	9	3	4	2	2	0	3	2	0	2	3	2	1	5	4	5	6	10	7	7	2	11	11	22	12	20	24	9	12	10	18	14	13	11	14	15	10	13	11	13	13	17	22	22	30	24	15	19	16	18	10	9	6	12	10
0	0	0	1	0	2	4	2	2	8	7	10	9	9	7	5	6	4	1	2	1	0	1	3	5	3	10	2	3	4	1	3	1	3	2	4	5	7	3	8	7	13	14	7	4	1	2	1	0	0	2	1	0	2	1	0	0	0	2	2	1	2	5	1	7	4	11	11	16	16	14	10	10	8	3	10	5	8	5	2	1	2	0	1	0	2	1	0	1	2	2	1	2	7	7	6	6	6	2	2	2	4	2	4	2	2	1	5	3	2	7	12	3	5	4	3	10	11	10	12	10	15	13	17	23	19	13	7	16	23	17	24	8	15	7	17	22	22	25	26	19	28	18	18	11	12	9	5	8	5
2	0	1	0	0	1	1	0	2	5	3	7	5	10	7	5	6	0	2	2	3	1	3	3	6	3	0	2	6	0	3	0	1	1	2	6	3	6	7	6	8	6	5	6	1	3	1	2	2	0	0	0	2	0	1	1	0	0	1	2	0	3	3	1	3	4	1	6	13	7	10	8	3	1	2	3	4	8	2	2	5	2	2	2	1	0	0	1	0	1	0	3	3	8	8	5	4	4	2	0	1	0	1	1	0	4	1	3	7	6	12	7	4	9	8	8	8	20	22	17	13	18	21	15	16	11	16	13	9	15	15	14	13	12	19	22	21	23	24	17	27	25	26	19	12	13	11	12	5	5
0	1	1	1	1	0	2	2	2	0	0	5	6	6	9	5	6	3	4	3	4	4	3	2	3	1	0	2	2	4	0	3	2	2	3	3	1	7	7	6	6	17	11	4	2	2	3	4	1	1	0	1	0	1	0	0	0	0	1	0	3	1	4	4	2	1	5	2	6	10	5	6	4	3	1	1	4	0	3	2	2	2	0	1	1	3	1	3	1	1	4	2	2	13	6	12	8	3	5	1	3	3	2	2	3	3	3	8	6	15	21	11	14	6	5	5	15	14	21	12	14	13	10	17	11	12	12	13	7	14	17	15	22	11	12	20	18	23	30	30	29	24	28	20	17	18	14	12	7	9
0	0	0	0	0	0	2	1	2	2	2	1	3	6	3	4	3	1	2	5	2	3	3	3	3	6	4	1	3	0	0	3	1	1	0	1	0	1	4	4	6	9	7	1	1	2	1	1	1	1	1	0	0	0	0	0	3	0	2	1	3	0	1	1	0	4	6	5	4	6	7	4	0	5	1	3	3	3	1	0	1	0	3	4	1	0	0	1	1	0	1	2	2	11	11	15	11	7	1	4	6	2	6	2	2	2	3	5	9	7	15	11	8	9	9	8	11	19	21	22	17	9	9	12	11	14	14	17	7	7	13	18	12	14	7	12	14	26	26	18	23	23	38	29	16	13	13	12	20	4
0	0	1	1	0	0	0	1	0	0	0	3	4	5	2	4	1	2	1	2	1	2	3	3	2	2	2	2	2	1	1	1	1	1	1	2	2	0	5	1	4	5	3	1	2	0	1	0	0	0	1	2	0	3	1	2	3	0	2	3	3	3	1	1	7	1	3	5	7	4	6	5	3	3	3	1	0	1	0	0	2	0	0	1	1	0	1	1	1	2	5	2	2	2	11	14	9	4	5	8	3	2	3	1	3	4	3	6	5	9	9	10	11	13	16	22	22	27	27	27	12	16	12	17	10	12	14	8	15	12	13	15	7	12	9	22	14	16	23	16	26	32	26	21	17	17	11	8	15	13
0	0	0	1	0	1	0	0	1	2	3	4	5	2	2	3	2	3	3	0	1	3	2	1	1	4	1	0	0	0	1	0	2	1	0	0	1	2	0	3	2	7	6	2	1	3	0	1	0	0	2	1	0	1	1	3	1	0	0	2	0	2	4	4	4	4	1	3	1	3	3	5	2	2	1	0	0	2	2	1	0	0	1	2	0	2	1	6	3	2	5	0	9	4	16	13	22	12	9	4	7	4	8	3	3	5	1	1	2	5	1	13	4	14	28	24	26	30	28	19	25	16	16	8	8	8	14	14	16	7	10	15	13	15	17	19	10	22	16	23	19	20	21	22	17	17	9	9	11	10
0	1	0	2	0	1	1	1	1	1	4	0	5	1	2	2	1	0	0	1	2	1	1	1	1	6	2	1	0	0	3	0	0	0	0	0	2	0	1	1	2	0	5	4	1	4	1	0	1	0	1	2	1	2	1	3	4	0	1	1	0	0	1	2	3	2	2	4	0	4	1	3	0	1	0	0	1	1	0	1	1	0	0	0	2	0	0	4	1	6	7	11	10	10	9	26	13	17	10	6	11	12	13	2	3	4	5	1	6	3	4	15	18	14	22	45	36	31	34	25	16	8	14	12	16	11	13	15	14	10	14	8	17	17	17	22	20	20	18	14	18	19	21	25	19	13	10	10	16	8
0	0	0	1	1	0	1	1	0	0	2	3	5	4	1	2	2	0	0	2	5	1	1	3	1	1	2	2	3	0	1	1	1	0	0	1	0	0	0	0	1	2	1	1	0	4	0	0	1	1	2	1	2	2	4	1	3	0	0	0	1	0	0	2	1	4	6	0	2	2	6	4	2	0	1	0	2	0	2	1	1	2	1	0	1	1	2	2	4	14	19	19	10	12	17	18	15	17	16	10	13	9	11	8	2	8	6	2	3	6	9	12	18	23	34	29	40	39	29	17	14	16	10	12	15	8	10	14	15	9	15	16	15	16	17	16	18	22	20	22	26	16	16	17	15	11	9	7	9	9
1	0	0	1	2	0	0	2	2	5	4	4	6	2	2	0	0	2	0	0	1	2	0	3	1	1	0	4	3	0	1	2	2	0	0	1	2	0	4	0	1	1	1	2	4	1	2	1	3	1	3	1	3	3	1	2	1	1	2	4	2	0	1	3	2	4	2	0	2	2	5	5	2	1	0	0	0	1	0	0	1	0	0	0	0	0	4	3	5	10	22	15	22	19	23	26	25	10	8	12	20	11	12	3	5	3	1	2	0	1	8	11	15	33	39	30	36	32	22	17	13	10	18	10	11	9	16	19	9	11	10	9	13	16	20	24	18	14	15	25	18	28	26	18	14	11	8	3	4	5
0	1	0	0	2	4	2	1	2	5	10	5	7	2	0	3	2	0	1	0	1	1	2	1	1	2	0	0	1	3	1	2	0	0	0	0	0	0	0	1	1	1	0	3	3	0	0	2	2	2	2	1	0	1	5	3	2	0	0	0	0	0	0	5	1	8	4	4	4	4	2	2	2	1	1	2	0	0	1	0	0	1	1	3	0	2	2	5	8	10	17	16	20	25	30	33	29	14	12	11	9	5	3	7	3	9	0	3	2	4	4	6	17	25	48	36	34	33	26	11	16	16	15	16	3	11	9	13	5	9	10	11	22	14	23	28	19	25	23	19	18	23	28	18	18	10	9	7	6	5
1	0	2	1	2	1	3	4	8	8	11	7	15	9	3	4	0	1	1	0	0	1	1	1	0	2	2	1	1	3	1	1	0	0	0	0	1	1	1	1	2	0	1	1	0	3	1	2	1	2	2	1	4	2	1	0	4	1	1	0	1	0	3	2	3	7	4	3	5	4	2	1	2	5	4	3	2	0	3	1	0	0	0	0	2	2	0	4	6	9	11	16	23	25	27	41	23	15	14	5	8	7	8	8	2	1	4	1	0	2	6	5	8	18	32	28	32	24	16	13	13	11	14	16	8	13	9	9	9	12	13	16	11	18	22	23	29	28	35	26	20	30	19	16	9	6	4	10	8	4
2	2	2	0	2	4	1	1	7	13	15	20	17	7	1	2	1	0	2	0	1	0	0	1	2	1	4	2	1	3	0	2	0	0	0	0	0	0	0	2	1	0	1	2	1	1	0	1	0	1	4	2	1	3	3	5	3	0	0	3	1	1	0	3	3	2	2	0	2	1	2	2	2	9	5	1	3	1	1	0	2	0	1	0	1	2	3	4	13	12	10	11	22	18	39	32	33	20	11	19	20	7	9	4	3	1	2	0	1	1	4	5	13	18	24	30	20	19	13	13	17	12	14	16	11	12	12	9	13	14	14	21	16	17	31	38	30	28	30	19	38	23	18	14	17	10	5	4	6	4
2	1	5	5	8	3	2	6	10	13	18	16	8	12	5	2	0	0	1	0	2	0	0	0	1	1	5	4	3	0	0	2	1	1	1	0	1	2	0	1	0	2	1	1	0	1	0	2	2	1	0	2	0	1	3	7	2	3	2	2	2	2	1	0	5	3	4	1	0	1	6	5	4	2	7	3	1	1	0	0	1	0	0	1	0	1	5	7	6	8	7	9	13	27	24	39	20	11	15	6	9	11	7	7	0	4	0	4	3	0	3	7	7	14	12	19	21	14	17	16	17	9	12	18	16	10	15	13	10	15	17	15	17	27	27	33	44	37	28	23	30	24	23	14	14	7	9	5	5	1
0	1	2	2	2	8	5	5	13	10	15	10	10	6	4	2	0	0	0	0	0	1	1	0	3	0	2	1	1	2	1	1	2	1	0	0	0	1	0	3	2	0	0	2	2	0	3	1	0	1	1	4	0	2	4	4	5	3	1	5	0	2	0	4	2	2	3	6	0	0	0	2	4	7	6	2	3	0	0	0	2	2	1	2	0	1	1	1	2	2	3	5	11	14	21	23	23	20	10	13	12	12	8	3	1	1	1	3	1	4	1	5	6	10	15	12	15	15	13	22	16	13	8	13	6	12	9	9	11	17	13	12	20	30	36	33	40	37	33	27	27	32	22	12	13	6	9	5	4	8
0	0	3	4	3	0	4	4	5	4	9	13	11	5	4	1	0	1	2	2	0	0	0	0	1	0	0	2	1	0	0	1	0	1	1	0	0	0	0	0	2	2	2	2	1	0	1	1	2	1	2	1	2	1	1	5	6	7	4	2	4	0	5	1	2	4	0	1	2	2	1	2	3	4	2	3	2	1	1	1	1	1	0	0	0	1	0	1	3	6	4	7	12	12	19	28	14	14	10	15	5	5	4	2	4	4	2	1	1	3	3	2	5	6	14	17	15	12	21	21	16	19	11	13	15	11	10	10	12	10	18	11	17	30	35	47	40	29	25	21	25	18	22	10	11	12	8	7	3	4
3	2	2	3	4	1	4	1	5	5	2	7	6	2	1	1	2	0	1	0	2	1	0	0	0	0	1	0	3	0	1	0	0	0	1	0	2	0	2	0	0	3	2	2	1	1	1	1	1	1	0	0	4	1	7	9	5	7	8	4	9	3	3	6	3	5	3	1	0	2	2	3	4	2	5	3	4	1	0	3	1	1	0	1	1	0	0	0	3	5	6	4	8	14	11	12	16	8	16	12	4	3	0	7	1	2	2	2	1	3	6	5	7	12	9	13	23	26	26	21	23	19	20	9	12	11	20	17	15	16	15	10	16	24	21	34	31	25	20	18	14	23	11	9	10	3	6	5	3	0
3	0	3	1	1	3	3	2	2	2	4	5	4	4	4	0	0	0	1	0	2	0	3	0	1	0	0	3	2	0	1	1	2	1	1	1	0	0	1	0	1	1	3	2	0	3	1	0	3	3	2	1	0	3	4	9	8	10	10	12	7	7	13	1	3	4	0	2	3	4	0	4	5	1	2	5	1	0	0	1	0	0	0	1	1	0	0	1	1	2	8	6	6	11	6	9	7	13	11	15	7	8	3	2	1	1	0	2	1	2	1	5	1	13	10	12	19	33	34	33	30	19	26	14	12	14	21	12	12	11	10	13	17	27	22	37	22	11	21	15	14	25	14	14	8	8	3	2	4	1
0	1	0	0	2	2	2	2	4	2	2	2	2	3	3	0	0	2	1	2	0	0	0	0	0	1	0	0	0	0	1	0	3	2	0	1	0	0	2	2	1	2	2	0	0	1	2	2	2	3	7	2	4	1	3	5	9	14	21	10	11	10	12	7	3	2	0	1	0	2	4	6	2	2	1	1	1	0	0	0	1	0	1	0	1	1	0	0	2	4	2	5	16	7	9	7	4	11	18	8	8	9	2	1	0	2	1	1	2	4	2	3	6	14	15	20	36	29	47	41	28	37	18	19	11	15	14	15	11	6	10	10	11	19	20	34	26	23	14	12	17	14	23	12	7	10	4	1	0	1
0	2	2	4	3	1	0	0	0	0	2	0	0	2	3	1	1	1	2	3	3	0	0	1	2	2	4	2	2	0	2	1	1	1	0	0	0	0	1	2	1	1	1	2	0	2	3	0	0	6	5	5	5	4	6	4	5	9	13	34	28	20	17	4	3	1	3	1	1	4	3	3	2	2	1	2	0	0	0	0	1	1	0	0	0	1	0	0	1	3	2	3	5	7	15	1	4	7	11	8	3	2	2	2	0	4	1	2	1	5	2	8	10	12	2	18	35	45	57	38	46	42	23	19	12	16	16	11	13	13	6	8	10	14	18	31	13	23	15	16	23	12	13	13	9	2	1	1	0	0
0	1	1	4	2	0	0	0	1	2	1	0	1	1	1	2	0	5	1	5	2	1	2	1	0	2	1	0	1	0	1	0	2	0	1	0	0	3	1	3	0	0	0	1	2	3	2	3	4	7	4	5	6	9	6	3	2	7	6	19	15	18	19	6	4	5	0	2	7	1	4	4	3	6	3	4	2	0	1	0	0	0	0	1	0	0	0	2	1	5	5	4	9	7	10	5	3	7	11	5	2	3	0	3	2	2	0	0	2	5	1	6	15	12	17	20	40	39	36	43	40	46	27	21	13	14	12	10	9	13	20	10	13	16	16	25	19	26	14	17	17	15	14	13	7	4	1	1	0	0
1	0	2	2	1	1	3	1	0	1	0	2	1	1	3	2	0	0	2	3	0	2	0	1	0	2	3	0	0	0	2	2	1	2	0	0	0	0	1	1	1	2	2	0	2	2	2	3	5	12	6	4	5	7	7	7	7	8	7	12	11	19	10	12	9	3	2	1	8	4	5	3	10	3	4	4	0	1	1	0	0	1	0	1	0	0	3	1	5	6	5	1	4	6	3	6	5	3	3	1	3	1	0	0	1	0	1	1	5	3	5	9	16	16	15	26	31	41	38	43	46	35	25	13	16	9	9	13	7	6	18	22	14	15	17	23	19	20	24	20	17	21	14	11	8	4	2	0	0	0
1	1	0	2	0	1	1	0	1	0	1	1	1	3	2	0	2	4	2	2	1	0	1	1	2	0	1	2	1	1	2	0	0	0	0	0	0	0	2	2	2	2	2	0	2	1	2	3	4	7	6	13	6	5	4	2	0	7	11	10	17	11	9	9	9	4	1	1	7	3	10	9	5	3	5	2	1	0	0	0	1	1	1	0	0	0	1	1	1	4	1	7	4	4	3	5	4	6	1	2	2	2	1	2	1	0	0	1	1	2	3	13	8	11	18	22	34	40	47	47	49	37	17	14	16	15	15	7	21	13	13	12	16	21	31	23	27	26	18	17	14	15	19	13	7	4	2	1	0	0
1	1	2	1	0	1	1	1	0	0	1	0	0	3	0	1	2	2	0	6	2	1	4	1	1	3	2	2	2	0	2	0	0	2	0	0	1	2	1	0	0	3	3	0	0	3	4	2	3	10	4	2	1	5	1	1	0	3	6	11	18	11	14	15	10	6	8	2	4	8	6	6	5	4	1	1	0	0	0	1	0	0	1	0	2	1	1	0	0	4	6	7	5	7	2	4	7	6	2	2	2	3	3	0	1	2	1	5	5	8	7	8	7	8	12	18	30	25	38	45	36	36	16	21	14	15	14	17	13	9	14	7	16	17	11	25	25	9	13	23	16	23	17	19	13	13	4	0	0	0
0	1	0	0	1	1	3	0	1	1	1	1	0	0	0	0	1	3	0	2	1	1	0	0	3	3	1	3	2	1	0	1	0	0	2	0	0	2	0	3	4	4	2	2	1	1	2	4	7	1	8	3	5	2	2	3	2	6	16	12	15	19	23	17	14	9	6	6	6	6	8	6	1	1	3	2	0	0	0	2	1	0	0	0	1	3	1	2	4	5	7	4	5	3	3	7	10	8	3	2	2	1	2	3	2	3	3	6	3	6	8	13	11	11	15	19	29	35	35	36	45	35	24	17	15	8	16	11	9	11	14	10	8	14	17	19	19	14	19	28	16	23	27	13	15	10	0	1	0	0
0	1	1	0	0	0	1	1	1	0	0	2	0	0	2	2	0	2	1	3	1	1	2	3	3	1	3	2	1	2	1	1	0	0	0	0	0	0	0	0	0	2	0	1	2	0	7	3	1	2	5	2	4	2	1	2	2	2	11	18	27	24	24	13	19	16	16	5	5	1	7	3	3	2	0	1	0	1	0	3	0	0	0	1	1	2	1	1	5	2	4	6	4	3	1	5	4	2	2	0	0	2	1	0	0	1	5	4	4	3	16	7	9	7	11	21	23	38	42	40	44	35	22	9	12	10	22	11	10	13	17	11	14	12	21	17	10	19	24	20	27	21	19	19	8	4	0	1	0	0
0	0	1	0	1	0	0	0	0	0	0	3	0	1	0	2	0	0	0	1	0	2	0	0	4	1	1	0	1	0	0	0	0	1	0	0	0	0	1	0	1	1	3	1	1	3	4	7	4	3	2	4	3	2	2	3	8	7	12	17	36	34	17	24	31	18	17	12	2	2	4	5	1	0	0	1	0	2	1	1	0	2	1	0	2	4	1	2	2	2	6	3	3	2	8	6	6	6	2	2	1	2	5	0	1	5	3	4	7	8	11	7	16	14	22	25	32	39	34	41	42	22	18	13	18	15	13	11	19	6	13	11	17	12	21	15	17	26	21	22	17	23	16	17	6	5	1	0	0	0
0	2	0	1	0	1	1	2	1	1	3	1	0	2	0	1	1	0	1	0	0	3	3	0	5	1	1	4	0	1	1	2	0	2	1	0	2	1	0	1	0	0	0	1	0	0	1	2	1	3	4	4	2	4	4	4	6	9	12	21	28	30	35	38	25	28	14	12	5	3	2	6	1	1	0	2	0	0	2	0	0	0	1	1	1	0	1	4	2	6	3	6	2	8	4	1	2	3	0	6	1	2	4	1	5	3	2	11	6	8	10	8	10	18	32	22	29	46	41	45	45	30	28	11	8	12	7	11	10	12	12	18	10	16	15	25	26	24	24	22	20	24	13	11	8	2	1	0	0	0
0	1	1	2	0	0	0	1	0	1	0	1	0	0	0	0	0	0	0	2	0	2	2	3	4	2	4	4	2	0	0	0	0	0	1	1	1	0	1	1	1	0	1	0	0	2	4	0	1	2	5	3	2	3	5	12	10	10	8	19	23	35	37	31	33	37	21	7	4	4	1	1	3	4	1	1	1	0	1	0	0	1	2	1	2	8	3	5	6	2	0	3	2	2	5	3	3	3	1	2	6	4	5	3	6	14	6	12	6	5	8	14	13	16	25	26	37	40	36	41	33	27	16	14	10	14	13	13	8	18	13	18	10	10	18	21	25	32	24	20	27	20	16	9	7	3	0	0	0	0
0	1	0	0	0	3	1	0	0	1	1	1	0	1	0	0	0	2	0	0	1	3	1	3	2	3	2	2	3	0	1	0	0	0	2	2	0	0	0	1	2	1	1	0	0	0	1	0	2	3	3	3	5	4	8	10	8	10	8	11	32	28	34	49	38	34	18	4	5	5	3	0	1	2	1	0	2	0	0	0	1	2	1	0	5	4	2	3	5	4	7	4	3	3	1	6	4	2	3	6	5	8	6	3	8	19	13	10	10	7	8	12	12	12	23	29	28	38	33	29	33	19	18	8	15	5	9	18	9	10	15	11	12	14	16	17	21	18	21	20	16	25	15	9	6	1	0	0	0	0
1	0	0	1	0	0	2	0	0	1	0	0	0	0	0	0	0	0	1	1	2	4	1	1	2	1	3	2	1	0	1	0	1	1	0	1	2	0	1	1	1	3	0	0	0	1	1	1	4	0	6	6	9	7	4	8	9	9	13	21	25	25	33	22	23	10	13	9	3	2	2	1	2	1	1	4	1	1	0	1	0	4	2	2	2	1	6	6	5	6	4	2	3	3	1	6	4	0	10	6	7	7	8	6	22	16	19	8	13	3	8	4	12	19	16	17	26	24	31	32	41	20	17	8	16	9	7	11	21	15	10	15	13	18	19	18	18	26	20	15	19	14	15	4	4	3	0	0	0	0
2	0	0	1	0	2	0	0	1	0	1	0	2	1	2	1	0	0	2	3	1	1	3	2	1	3	3	1	0	0	0	0	1	0	0	2	2	1	0	0	1	1	0	2	0	4	1	1	3	2	5	4	5	4	3	10	6	6	12	18	18	25	26	14	12	6	6	3	5	1	1	2	1	1	1	0	2	4	0	0	2	0	2	1	2	4	11	11	9	10	7	2	3	6	3	5	6	7	2	7	6	8	10	9	20	19	20	16	7	7	11	15	13	18	21	17	28	19	25	34	33	20	14	17	11	12	8	13	14	16	16	16	14	17	15	18	28	19	18	22	17	11	14	11	10	2	0	0	1	0
0	0	0	1	0	0	1	1	1	0	0	1	0	0	0	1	0	1	0	1	1	0	1	3	2	2	1	1	0	1	0	0	0	1	1	1	1	1	0	1	0	0	1	4	5	3	3	0	3	1	4	13	7	5	6	6	11	10	7	8	13	21	17	12	8	7	4	3	4	2	2	1	4	2	2	3	1	0	1	1	1	2	1	2	1	2	4	9	10	7	9	4	6	2	3	4	3	4	6	7	3	3	9	12	25	21	22	11	6	6	12	24	14	21	9	13	17	11	22	26	21	16	17	8	6	12	12	11	15	14	17	10	16	21	21	25	22	18	18	19	11	17	17	16	11	3	2	0	0	0
0	0	1	1	0	1	1	1	0	0	0	0	0	0	0	0	1	2	0	1	1	0	2	3	0	2	1	2	0	0	0	0	0	0	1	0	2	0	0	0	2	1	1	2	3	3	1	3	3	2	5	3	2	3	5	7	7	3	7	8	13	8	11	6	3	1	2	1	0	0	0	2	1	6	0	3	2	2	0	0	1	2	1	2	0	3	6	3	7	10	3	3	6	3	4	1	4	1	7	0	5	7	9	13	20	31	19	19	10	7	15	16	14	15	12	15	12	9	23	27	15	20	20	11	12	9	13	16	21	8	13	15	18	12	12	26	13	20	17	9	14	18	17	13	7	6	2	0	0	0
2	0	1	0	0	1	0	1	0	0	0	1	1	0	1	0	0	0	1	1	0	0	1	1	0	1	1	6	0	0	1	0	0	0	0	1	0	0	5	1	1	1	1	1	5	2	3	5	5	4	11	8	9	4	7	7	10	2	2	3	7	5	2	4	2	2	1	2	1	1	1	4	3	1	3	4	1	2	1	0	0	3	0	1	3	7	4	7	10	9	7	4	4	5	5	7	4	1	7	3	7	10	5	20	24	36	18	15	6	17	10	16	20	12	13	11	17	19	20	15	15	11	12	8	11	14	13	12	7	11	12	11	25	13	21	18	12	18	19	8	12	14	17	11	4	4	0	0	0	0
0	0	0	0	0	0	0	1	0	0	0	0	0	0	0	1	0	1	1	1	0	2	0	1	2	1	2	2	0	0	0	1	0	0	0	0	0	2	1	0	1	1	1	2	5	3	1	1	4	1	5	10	9	5	5	5	4	4	4	0	6	4	1	2	2	1	0	0	1	1	1	3	4	3	4	1	1	1	0	0	4	0	1	3	1	1	4	5	11	16	13	8	8	7	4	10	8	5	7	9	5	2	10	13	24	25	22	11	11	8	14	8	14	11	7	14	11	12	15	13	8	7	16	12	11	10	15	12	16	15	10	12	18	20	14	25	17	9	12	13	13	13	10	6	4	2	1	0	0	0
0	0	0	0	0	1	0	0	0	0	1	0	0	0	0	2	0	0	2	0	0	0	0	2	1	3	3	1	0	0	1	0	0	0	2	0	0	3	1	1	1	1	0	0	4	4	3	3	7	5	6	9	6	2	1	5	3	3	4	3	2	0	2	0	0	0	0	2	1	3	2	4	3	6	1	2	2	0	0	0	1	3	0	4	5	3	8	3	5	14	6	10	3	1	7	11	8	6	11	10	6	7	7	11	14	9	10	6	7	9	7	11	8	10	7	4	7	12	14	13	8	11	11	6	14	14	13	13	15	18	29	22	25	12	18	26	27	9	20	11	16	14	15	11	3	3	0	0	0	0
0	1	0	1	0	0	1	1	1	1	1	0	1	0	0	1	0	1	0	0	0	1	1	1	0	0	2	2	0	0	1	0	1	0	0	1	0	0	0	1	2	1	3	1	0	2	3	3	6	5	8	6	6	2	2	3	5	2	2	2	1	0	1	1	0	1	0	1	1	1	4	3	5	4	3	0	2	2	0	1	1	1	6	3	4	4	5	10	14	13	8	5	4	8	13	13	12	10	12	12	11	10	6	12	10	6	14	12	11	9	7	14	7	5	4	3	5	3	8	8	12	9	5	6	4	16	12	19	23	17	26	24	12	28	24	13	28	24	19	11	12	12	14	7	8	1	0	0	0	0
0	0	1	1	0	0	0	0	0	1	1	0	0	0	0	1	3	0	1	0	0	2	0	1	0	2	1	0	1	0	1	0	0	1	1	2	0	4	2	0	1	2	1	4	2	4	6	7	4	2	4	11	6	3	2	1	0	3	3	1	0	2	1	0	0	1	0	2	1	2	1	1	3	3	0	2	1	1	2	0	1	4	5	8	6	11	7	9	9	8	4	9	3	9	11	12	18	10	8	13	13	8	9	4	6	6	9	4	5	5	8	7	6	7	6	6	6	7	14	6	4	7	9	2	13	8	21	23	41	26	23	30	37	18	26	21	18	20	12	11	9	8	5	6	2	3	0	0	0	0
0	1	0	0	1	1	1	0	0	0	0	0	0	1	2	0	0	0	0	1	3	0	1	1	1	0	0	0	0	1	1	0	2	0	1	1	1	2	0	1	2	0	1	0	3	2	2	11	2	7	5	3	4	3	2	1	2	2	1	2	0	1	1	0	0	0	0	0	4	1	1	3	5	9	6	4	2	7	3	2	2	5	4	12	8	9	13	11	18	9	6	4	5	10	10	20	17	12	8	10	16	7	7	13	9	9	12	7	7	8	4	8	6	9	9	8	8	8	11	10	12	6	12	12	9	10	22	35	39	43	42	24	27	28	28	28	23	15	15	8	8	10	4	4	5	1	0	0	0	0
2	0	1	1	0	0	0	1	0	0	1	0	0	0	0	1	0	0	0	1	0	1	0	0	3	1	1	2	0	0	0	0	0	0	0	1	1	2	1	3	0	1	0	2	2	2	3	4	5	10	2	0	9	2	2	0	1	1	0	1	0	0	1	1	0	1	2	0	1	1	1	4	4	3	5	11	7	4	7	3	4	6	15	12	15	16	16	18	14	9	6	5	8	11	15	14	22	20	8	9	7	10	15	9	14	8	16	10	2	7	9	11	6	14	19	5	11	7	8	14	6	9	7	11	10	9	17	27	35	30	31	27	24	13	20	18	25	12	15	18	8	8	4	1	1	1	0	0	0	0
2	0	0	2	1	0	0	1	1	1	0	0	0	0	0	1	1	0	0	0	0	1	1	0	0	0	0	0	1	1	1	0	0	1	0	0	0	3	1	1	0	0	2	2	3	3	2	8	6	0	4	2	6	6	4	2	1	0	1	0	0	1	1	1	1	0	1	1	1	5	0	4	0	5	9	17	11	10	7	5	7	11	22	22	19	14	18	7	10	6	3	7	6	6	10	18	16	10	8	13	11	11	10	11	9	13	14	6	7	8	9	6	12	10	18	7	12	5	3	7	10	8	7	10	8	9	26	24	31	28	24	22	19	17	19	20	26	16	11	9	8	9	3	3	1	0	0	0	0	0
0	1	0	1	0	0	0	1	1	0	0	0	0	0	1	1	0	0	0	0	0	1	2	2	2	1	0	1	0	0	0	0	0	0	2	1	1	3	0	0	1	1	0	0	0	5	2	0	4	2	4	6	3	3	2	0	2	1	3	1	0	2	1	1	0	2	1	0	1	1	3	8	13	18	25	19	21	16	14	10	12	12	15	18	19	14	25	12	8	9	7	5	3	10	8	10	6	12	7	9	10	17	18	10	19	13	15	9	5	4	11	9	13	13	9	12	9	11	4	8	10	7	10	11	5	11	15	19	24	24	22	16	10	8	12	13	9	12	9	3	6	2	1	1	0	1	0	0	0	0
0	0	0	0	1	0	0	0	1	0	1	0	1	0	2	2	0	1	0	0	0	0	2	2	0	1	2	0	0	0	0	1	0	1	1	1	0	1	2	0	0	2	0	0	2	1	0	2	3	2	3	6	2	7	3	4	2	2	2	3	0	0	0	1	1	3	1	0	0	3	6	6	12	21	27	33	33	30	21	14	9	16	12	10	14	16	21	20	9	7	4	6	5	6	5	5	6	10	9	19	19	18	14	15	11	11	13	4	6	9	3	4	5	12	4	6	9	11	11	12	11	8	8	6	14	9	16	17	20	27	12	18	16	17	9	9	13	15	10	16	8	5	0	0	0	0	0	0	0	0
0	0	2	1	0	2	0	2	2	0	1	0	1	0	0	0	0	1	0	0	0	0	1	3	0	1	0	0	0	0	0	1	1	2	1	4	2	0	0	1	0	1	0	1	3	1	2	0	4	0	2	2	3	2	2	7	8	0	2	0	0	1	1	0	1	0	0	4	0	4	7	20	26	24	43	37	31	23	10	16	21	12	9	15	20	20	21	15	18	7	15	6	5	2	8	8	5	9	9	5	13	16	15	14	7	8	17	8	10	4	9	7	7	11	9	6	8	13	9	11	8	11	5	6	11	12	11	18	14	12	9	12	13	15	14	6	10	12	19	14	11	3	2	0	0	0	0	0	0	0
0	0	0	1	1	2	0	0	1	0	0	2	0	0	0	0	0	1	0	0	0	0	0	1	0	0	0	1	0	0	4	1	2	1	0	0	0	0	0	0	0	0	3	0	1	1	0	0	1	1	3	4	2	3	6	3	6	2	2	1	0	1	0	0	0	3	6	4	6	6	14	18	29	52	38	45	35	21	25	15	16	13	17	10	14	19	15	12	11	11	9	7	4	5	4	1	4	9	9	14	17	11	16	7	14	16	8	8	7	6	8	10	9	11	10	5	6	7	9	5	7	8	9	9	11	7	10	9	10	9	15	8	13	15	12	14	11	13	17	22	8	8	0	0	0	0	0	0	0	0
2	0	1	0	0	1	0	0	1	1	1	0	1	1	2	0	0	0	0	1	0	4	1	0	0	1	0	1	2	1	0	2	3	1	2	0	0	1	0	0	1	3	0	2	0	0	0	1	0	4	1	1	2	2	2	3	6	1	5	1	3	1	0	0	1	2	0	2	9	15	17	22	28	29	47	30	26	35	22	20	16	16	16	13	12	13	14	12	7	9	3	2	5	3	4	4	1	5	4	13	13	14	4	5	4	7	7	5	10	10	10	10	15	3	5	4	4	5	9	9	8	8	7	13	9	10	8	16	11	9	7	11	6	12	19	13	8	10	20	19	14	6	6	1	0	0	0	0	0	0
0	0	0	1	1	1	1	0	0	2	0	1	0	0	0	0	1	1	1	1	0	1	1	0	0	0	2	0	1	2	3	2	2	0	0	1	0	0	1	0	1	0	3	0	2	0	1	1	1	1	1	3	2	0	3	8	7	4	3	1	1	1	2	0	1	5	3	8	11	19	21	19	28	37	41	54	38	40	24	27	20	12	11	16	15	20	8	5	4	5	5	4	3	1	3	1	1	3	5	3	5	7	7	9	6	4	3	2	6	8	8	12	2	10	8	8	10	8	13	11	4	10	6	8	10	9	12	14	18	12	14	9	15	13	5	14	22	15	10	15	16	10	2	1	0	0	0	0	0	0
1	0	0	0	1	0	1	0	2	0	0	0	0	0	0	0	2	0	4	0	2	0	3	1	0	2	2	1	0	1	2	3	2	0	0	0	0	1	1	0	0	0	1	1	1	0	2	1	0	0	2	4	5	1	1	3	6	4	6	2	2	5	3	4	1	3	2	9	16	24	34	22	29	36	40	49	33	40	25	21	15	6	9	7	14	7	4	9	3	6	3	1	0	2	2	2	2	2	2	2	5	8	2	5	2	4	4	6	6	9	11	13	5	12	8	9	8	7	7	9	10	9	18	5	13	9	8	16	16	16	13	10	9	16	16	20	15	22	27	20	14	11	10	2	0	0	0	0	0	0
1	0	0	1	3	0	0	0	2	0	0	0	0	0	0	2	0	1	0	0	0	0	0	0	1	0	1	0	3	3	2	1	2	1	1	0	0	0	1	1	2	0	1	3	1	0	0	1	2	2	7	1	5	1	1	2	4	4	7	6	4	1	5	5	9	10	13	13	18	16	23	29	29	24	32	46	43	25	16	14	4	5	6	9	5	5	6	6	2	5	0	2	3	1	2	0	4	2	4	2	2	4	4	2	3	3	7	6	7	13	8	8	2	12	7	8	8	5	7	10	5	11	5	11	4	10	9	13	12	15	5	14	20	9	20	29	15	18	17	16	17	17	9	1	1	0	0	0	0	0
1	0	0	0	1	0	0	3	0	0	2	0	2	1	1	0	0	1	4	1	0	0	1	1	1	0	1	1	0	3	2	5	3	0	0	0	1	2	4	2	0	2	1	1	2	1	0	1	1	1	0	3	3	2	2	0	2	11	6	11	7	9	4	5	7	7	17	22	29	29	35	35	28	39	41	33	31	22	9	3	8	5	6	8	8	8	4	7	1	5	4	2	0	1	1	0	1	4	2	5	6	7	3	3	1	3	5	2	9	5	8	5	7	6	13	5	8	7	10	6	8	5	12	9	8	4	5	14	19	6	8	12	13	18	11	19	23	19	15	11	22	23	12	0	1	0	0	0	0	1
2	0	0	0	1	1	0	1	1	1	2	3	0	3	1	0	2	1	1	0	0	2	1	2	2	0	0	1	3	1	2	3	0	1	0	1	3	6	4	1	1	1	4	1	0	0	0	0	0	0	0	0	2	2	1	3	5	13	10	9	11	10	9	11	7	13	13	37	32	36	30	31	21	32	37	40	26	21	8	3	6	6	6	6	3	3	6	6	6	4	2	1	3	0	2	1	0	3	1	1	3	3	3	1	2	2	4	1	5	9	7	12	5	7	8	10	7	11	8	12	3	5	8	6	10	8	13	12	10	11	11	12	8	15	11	10	14	16	12	17	17	10	11	2	0	0	0	0	0	0
0	2	1	2	1	0	1	1	2	1	1	0	1	2	0	0	2	0	3	1	2	0	0	1	0	0	1	1	0	2	0	2	0	0	0	1	3	5	1	3	2	1	0	0	1	1	1	0	1	3	3	1	2	3	5	6	5	9	21	19	17	24	23	15	27	21	33	39	31	37	28	36	34	29	32	29	25	13	5	5	6	2	1	4	3	4	5	7	6	9	3	3	4	1	2	1	2	3	3	4	6	6	7	8	3	8	3	1	3	4	9	14	4	10	6	8	4	11	13	13	7	4	12	9	10	4	9	7	8	15	7	15	7	15	12	9	15	16	15	18	19	16	3	1	0	0	0	0	0	0
0	1	0	0	0	0	0	1	0	1	4	0	1	2	1	2	1	0	2	1	3	1	1	0	1	0	0	3	1	1	0	1	0	1	1	1	6	8	7	6	2	4	0	4	0	3	1	1	2	0	4	2	3	2	2	3	9	13	21	32	32	36	29	26	33	26	37	39	33	30	29	26	29	23	24	25	25	9	3	9	2	0	4	2	2	10	10	18	16	7	5	8	4	2	2	1	1	4	3	4	5	3	6	4	4	5	8	6	5	5	3	14	9	6	8	5	5	8	15	13	11	11	9	6	14	10	7	9	13	11	8	10	10	13	15	10	14	18	19	12	12	8	7	0	0	0	0	0	0	0
1	3	0	1	1	0	1	1	0	0	0	1	1	2	1	1	1	1	0	0	1	0	2	0	0	1	1	1	3	3	0	0	0	1	2	1	7	9	12	6	1	4	0	3	2	1	2	2	1	1	0	2	3	1	6	11	11	15	27	35	47	44	45	38	37	40	34	44	27	34	38	25	30	14	9	15	16	10	4	3	2	0	1	3	2	9	23	13	16	7	14	7	6	4	1	1	3	4	5	1	5	6	8	7	5	0	5	4	5	3	7	13	6	7	7	12	8	6	12	7	15	12	9	12	9	15	7	13	9	8	7	11	13	9	8	7	9	16	13	11	9	7	3	0	0	0	0	0	0	0
3	0	3	3	1	1	1	2	4	2	0	1	0	2	1	0	1	3	0	1	2	1	0	0	0	0	1	3	4	3	0	1	2	1	3	4	8	14	6	5	1	1	3	7	3	4	3	0	0	2	2	3	3	3	7	9	12	25	41	47	36	41	56	54	56	55	49	42	34	25	17	12	23	13	8	7	14	11	7	0	4	2	1	1	7	12	20	19	21	18	15	5	5	6	4	3	5	3	3	5	6	5	9	6	7	4	3	8	4	7	9	16	16	9	8	12	13	7	7	17	11	9	5	10	9	6	10	8	12	10	7	17	19	7	11	8	13	9	10	5	4	5	2	0	0	0	0	0	0	0
1	2	1	9	3	2	4	2	1	1	2	1	0	1	1	1	0	0	2	1	0	0	1	1	1	1	0	2	0	0	1	0	4	0	1	6	3	8	4	0	1	2	0	6	5	7	0	1	0	2	0	2	5	5	11	11	15	38	44	41	53	54	48	43	61	51	55	34	31	21	14	13	16	8	8	4	23	7	8	3	4	2	6	5	9	20	20	20	6	9	7	9	1	4	4	5	2	3	5	4	10	7	8	3	5	2	4	3	6	3	8	15	20	17	7	17	7	10	12	7	11	5	6	11	13	13	10	9	5	10	7	10	14	5	8	17	9	9	12	7	5	4	3	0	0	0	0	1	0	0
4	1	1	4	9	6	9	5	0	1	0	3	0	1	0	2	1	1	2	1	0	1	2	0	1	0	1	0	0	0	0	0	1	0	2	3	5	5	3	1	1	1	2	2	4	4	1	4	4	2	2	4	6	3	15	19	30	33	32	39	35	47	31	47	50	47	46	28	32	13	11	13	11	10	2	12	6	5	6	3	4	2	7	7	12	14	23	20	6	11	17	4	3	2	5	2	5	4	7	10	7	11	10	8	4	10	2	1	3	8	6	15	17	15	6	12	16	15	10	15	8	9	6	13	4	5	11	11	10	11	10	9	8	14	14	11	8	10	6	9	6	4	1	0	0	0	0	0	0	0
0	2	6	6	10	2	1	3	2	0	1	0	0	0	1	2	0	1	0	1	1	0	1	1	1	0	0	1	1	2	1	2	1	1	4	4	3	2	1	5	1	1	8	5	5	4	4	2	3	5	2	5	4	7	16	16	29	24	31	21	34	34	32	49	55	41	39	23	28	9	14	13	6	4	12	7	6	11	3	7	2	5	4	14	12	18	17	15	16	10	4	3	2	3	2	9	4	6	11	10	10	10	10	4	3	3	2	4	4	8	10	11	16	21	14	17	10	9	3	11	3	10	7	9	9	9	8	7	11	12	13	8	11	8	15	13	15	8	10	9	1	2	0	0	0	0	0	0	0	0
4	5	12	17	14	9	3	5	2	1	2	0	0	1	2	1	0	0	2	0	0	1	0	1	0	0	0	1	0	1	1	0	1	1	0	2	1	2	0	4	0	1	1	4	4	8	9	6	6	9	13	9	10	11	12	14	32	19	30	19	28	21	39	40	47	48	41	21	10	5	8	4	5	2	7	13	10	9	8	8	7	6	6	9	12	21	10	8	10	2	5	4	1	4	1	3	7	8	10	9	8	11	11	6	5	4	7	7	8	8	13	15	15	10	13	14	12	14	8	10	7	9	4	9	4	9	9	6	12	9	11	18	13	11	10	13	11	13	6	10	2	2	1	0	0	0	0	0	0	0
3	4	21	16	21	11	9	8	4	2	0	1	1	1	0	0	4	2	1	1	0	1	1	0	0	1	0	1	0	0	0	1	0	0	1	2	1	1	1	0	0	1	1	4	4	10	14	12	7	6	12	15	9	9	19	18	23	26	25	17	9	32	34	36	35	27	23	9	11	6	11	3	6	3	0	4	8	16	5	16	13	7	4	7	11	21	17	22	12	5	0	3	3	1	3	12	4	10	13	17	11	7	5	4	3	2	3	8	8	13	11	6	8	17	18	12	10	9	3	7	10	8	5	7	9	8	7	5	8	10	11	11	14	13	18	10	12	4	13	5	3	2	0	0	0	0	0	0	0	0
6	15	26	19	29	13	13	1	1	0	2	0	2	0	0	1	0	2	3	0	1	1	1	0	3	1	0	1	0	3	2	0	0	2	1	1	1	0	0	2	2	0	1	0	7	8	11	20	14	21	19	15	16	27	21	18	23	24	17	20	19	23	29	34	37	19	19	10	7	5	5	0	6	0	3	11	10	14	20	13	3	7	6	17	12	10	15	9	8	7	3	3	1	2	3	8	17	12	11	11	13	7	8	6	3	5	13	11	12	11	12	17	8	13	19	8	22	6	8	12	5	10	11	11	6	10	8	8	8	6	7	8	7	10	18	18	17	16	9	4	5	0	0	0	0	0	0	0	0	0
12	14	30	24	32	15	11	3	2	0	1	0	1	1	1	0	1	2	0	0	1	2	1	0	0	1	1	1	3	1	1	1	1	1	0	2	1	1	1	2	1	2	1	0	5	12	17	17	16	28	25	26	26	31	34	32	22	24	27	19	20	11	20	14	11	8	7	4	3	3	3	3	3	3	7	14	9	14	9	10	6	9	9	8	20	11	14	10	7	6	3	2	2	3	2	7	7	12	10	15	15	2	7	3	7	4	6	9	7	18	14	17	11	15	6	8	6	10	11	12	6	8	12	9	4	8	11	14	14	7	6	15	8	18	17	25	14	13	10	7	4	2	0	0	0	0	0	0	0	0
11	22	38	27	23	15	14	7	7	2	2	1	0	1	0	0	1	2	2	2	1	0	1	3	1	2	0	0	1	1	2	2	2	3	2	4	1	0	0	0	0	0	1	3	5	5	12	18	18	36	38	40	36	40	36	28	33	31	24	16	8	15	8	7	4	6	3	2	2	0	0	2	3	8	7	10	12	11	15	7	4	3	3	10	15	10	11	13	6	2	2	1	3	2	2	2	2	6	9	6	4	3	6	3	3	1	6	8	4	17	15	20	10	13	10	11	8	7	8	10	6	4	9	14	9	10	10	7	14	7	13	13	7	12	16	31	12	20	9	3	7	0	0	0	0	0	0	0	0	0
10	15	22	29	31	18	16	7	7	4	3	2	2	1	0	0	0	0	1	2	0	0	4	2	0	0	1	1	4	1	2	1	2	8	2	3	4	1	2	2	1	2	1	4	8	6	12	24	28	31	42	49	44	39	35	30	29	27	27	16	13	6	5	4	3	5	0	1	1	1	2	3	6	7	7	9	10	8	8	10	5	2	7	10	11	14	11	9	4	1	3	0	2	3	1	0	3	8	4	1	4	5	3	5	5	4	7	10	18	4	10	19	8	9	9	7	12	7	11	7	6	3	11	7	6	11	16	12	8	8	10	14	13	16	13	18	23	10	7	7	5	1	1	2	0	0	0	0	0	0
6	14	17	20	25	20	18	12	7	4	3	5	1	1	1	1	0	0	1	1	0	2	5	2	2	0	0	0	1	3	2	1	5	5	6	6	7	1	1	1	1	4	2	7	7	8	22	43	35	37	56	42	40	40	36	37	23	19	17	12	7	4	6	3	1	2	1	1	2	0	2	4	4	7	9	8	8	13	6	3	4	6	10	10	10	5	5	7	3	8	0	3	2	5	2	3	1	5	3	4	2	4	1	5	4	2	4	9	17	10	8	17	13	16	13	8	9	13	6	4	7	6	12	14	13	11	7	12	11	6	18	9	12	6	13	18	13	18	8	12	4	0	1	0	0	0	0	0	0	0
7	9	9	17	31	23	18	12	7	4	8	7	2	1	1	1	2	1	1	1	2	3	2	0	0	0	1	0	5	2	4	6	3	10	7	10	1	4	3	1	1	0	3	1	4	11	25	34	36	35	32	43	41	23	54	25	22	18	13	9	4	2	3	2	1	1	0	2	3	3	2	3	5	4	4	11	6	5	6	5	3	8	10	6	14	8	12	11	10	10	5	3	4	0	0	5	0	5	1	3	2	2	1	1	12	14	14	12	16	14	16	18	15	9	8	6	12	9	4	9	8	5	13	5	6	8	11	6	8	16	8	11	14	11	15	8	10	19	5	9	4	8	0	0	0	0	0	1	0	0
6	5	10	14	24	14	7	10	7	7	9	9	3	0	2	1	2	2	1	2	0	2	2	1	1	1	2	2	1	4	3	3	6	15	13	16	5	7	4	3	3	4	6	9	12	17	26	34	26	45	39	35	35	33	31	26	11	12	9	5	6	0	2	1	0	2	2	1	1	1	5	1	8	7	5	6	4	3	4	5	6	3	6	4	6	16	12	17	18	8	3	5	4	2	2	2	0	1	1	1	1	3	2	5	4	11	17	11	20	9	9	15	12	13	5	7	11	10	19	8	13	15	5	15	6	6	7	6	13	8	9	9	12	17	14	14	12	19	11	5	2	3	2	0	0	0	0	0	0	0
5	6	7	8	10	14	7	6	10	11	10	13	4	5	4	1	1	1	5	2	5	1	3	5	1	1	4	1	4	5	3	5	5	7	13	7	14	3	11	7	4	5	6	19	29	24	32	36	25	32	28	28	33	22	32	12	16	6	11	3	2	2	3	0	0	1	2	2	3	10	1	3	4	5	3	4	4	3	3	3	2	3	6	12	6	24	40	23	17	17	15	6	8	5	2	2	2	0	2	1	3	3	5	6	6	14	12	22	20	15	15	10	13	15	10	8	10	9	15	9	7	6	12	6	10	8	13	6	10	13	6	11	16	14	14	11	19	14	6	7	3	7	3	0	0	0	0	0	0	1
7	4	5	3	11	4	7	5	1	7	5	5	5	6	7	2	2	2	3	2	3	5	1	2	0	0	3	3	3	0	7	6	10	8	16	14	12	6	11	8	6	9	24	15	21	19	19	28	22	15	16	22	27	23	27	21	12	8	4	2	8	5	2	1	0	0	1	3	5	6	8	4	4	6	7	8	5	1	4	4	3	6	10	9	23	24	29	27	24	14	9	4	3	2	2	0	3	3	1	0	0	8	2	5	10	12	14	19	13	17	15	16	11	13	9	6	10	7	4	14	12	9	6	7	8	5	7	9	15	11	14	20	12	12	13	16	13	13	10	10	11	7	6	3	0	0	0	0	1	0
12	4	3	6	6	3	4	2	9	4	5	8	5	3	7	1	2	3	1	4	6	6	2	2	1	1	1	4	4	3	8	10	11	12	19	19	16	10	8	9	10	11	15	19	24	16	14	14	17	14	16	9	22	30	25	19	25	7	6	5	2	2	0	1	1	0	3	2	2	2	11	3	5	8	15	10	7	3	4	4	3	7	9	11	18	21	16	27	13	21	2	2	2	2	1	2	1	4	2	3	5	5	7	4	4	10	7	19	22	13	8	17	15	8	5	12	6	8	4	8	15	9	9	8	3	13	6	14	7	6	7	7	14	13	18	10	18	9	9	8	9	6	2	0	0	0	0	0	0	0
4	3	3	2	3	5	2	3	3	4	3	4	9	6	3	6	10	7	1	10	5	1	2	1	2	3	1	0	5	8	4	8	14	21	9	26	19	17	11	14	12	10	11	13	23	23	7	9	9	7	9	12	18	24	24	22	17	14	5	7	6	4	4	2	0	0	2	0	3	10	13	5	13	10	6	14	8	4	3	1	5	8	10	13	18	30	23	22	16	12	8	3	2	4	2	3	3	3	5	2	4	5	7	2	5	11	11	15	25	10	11	15	6	12	10	8	9	12	4	7	17	11	7	9	9	7	12	13	11	8	20	12	12	12	25	17	15	13	8	6	5	9	4	0	0	0	0	0	0	0
3	4	2	2	2	1	0	2	2	5	5	5	5	4	3	6	3	3	3	4	3	5	5	4	1	1	0	4	2	3	7	7	19	12	13	19	21	11	16	12	8	11	7	10	15	7	13	7	7	12	8	13	19	22	24	14	17	3	12	8	5	1	2	2	4	1	4	5	4	12	12	12	17	14	19	6	4	2	4	5	7	6	12	15	24	20	18	15	8	4	1	2	4	3	1	3	1	7	2	3	3	9	2	5	6	8	17	13	13	8	12	16	12	5	12	7	6	7	6	16	14	10	9	13	11	11	12	9	9	6	15	5	7	9	7	21	16	12	8	3	3	1	0	0	0	0	0	0	0	0
4	2	1	1	1	1	0	0	0	2	0	4	2	4	4	7	10	5	5	5	0	7	8	6	7	2	0	3	0	3	5	10	12	15	9	13	6	9	11	12	8	13	7	7	8	8	6	8	12	9	6	15	14	35	18	16	13	9	10	3	4	3	2	2	2	1	1	7	6	9	10	17	13	14	13	15	7	3	4	8	12	15	17	24	19	14	18	7	6	3	2	1	0	1	0	5	6	2	4	1	3	3	4	4	8	10	12	12	12	5	12	18	12	8	9	13	4	7	12	10	16	8	7	16	11	9	7	10	12	8	14	12	12	9	8	17	10	11	10	8	7	4	0	0	0	0	0	0	0	0
2	1	0	0	1	3	0	1	0	1	3	1	0	5	4	3	9	6	8	16	13	12	14	8	5	1	5	4	4	8	9	3	8	12	6	13	6	8	14	14	8	8	5	4	4	6	10	8	14	7	4	10	19	19	12	9	9	11	7	8	5	5	2	7	9	2	3	4	7	11	11	7	11	18	21	9	6	9	7	6	14	10	18	12	17	12	8	7	5	4	1	2	0	2	1	2	7	3	3	3	5	3	4	8	5	14	7	9	5	5	10	18	11	13	9	10	11	15	9	16	7	14	12	9	20	2	4	11	6	16	12	18	11	17	14	9	12	8	7	9	5	2	1	0	0	0	0	0	0	0
1	0	2	0	0	0	2	1	1	0	1	2	3	3	5	7	14	13	11	12	17	15	18	14	14	1	1	5	9	8	7	12	4	6	6	15	14	15	6	13	12	4	7	3	6	4	5	16	7	8	5	9	18	13	6	9	3	4	8	12	5	12	9	6	16	8	3	7	5	11	9	8	12	12	13	16	14	11	8	12	10	15	11	14	14	11	7	9	4	3	0	2	2	2	2	2	8	1	3	2	7	5	11	5	8	13	9	15	14	14	6	9	9	4	11	5	9	5	11	11	5	18	8	15	10	11	12	8	8	9	15	9	8	14	12	17	13	10	6	5	2	1	0	0	0	0	0	0	0	0
0	0	1	0	0	0	3	0	1	1	1	2	0	5	11	7	10	17	32	23	22	20	15	22	6	3	4	4	16	9	6	10	7	5	14	17	21	20	9	8	8	9	10	4	4	5	3	8	11	8	7	10	8	4	5	9	6	13	7	5	14	10	4	9	14	11	11	6	7	9	11	15	7	14	12	18	18	13	12	13	14	8	11	15	19	6	10	5	4	2	0	1	0	1	1	1	1	4	3	3	4	5	3	6	6	10	12	11	10	13	14	14	10	5	15	10	13	10	11	10	21	10	14	15	18	9	10	7	6	13	12	6	8	12	9	17	7	8	4	9	4	0	0	1	0	0	0	0	0	0
0	0	0	2	2	1	0	0	0	0	1	0	2	0	1	11	11	16	22	23	23	24	23	9	11	7	4	13	13	8	12	16	10	10	26	16	25	18	14	9	10	7	6	3	5	2	4	8	11	16	5	9	4	7	3	8	14	15	15	15	18	19	10	8	4	6	5	12	12	11	12	9	15	7	19	17	10	10	13	11	12	17	11	15	16	13	9	6	2	0	0	0	1	0	1	2	6	2	3	5	0	3	6	7	15	10	16	17	24	18	23	5	10	6	18	11	7	11	12	9	12	7	11	18	15	8	8	13	10	5	7	10	12	10	12	10	11	14	10	7	5	0	0	0	0	0	0	0	0	0
1	0	0	1	2	0	2	2	0	0	1	1	0	0	0	6	7	15	23	30	22	24	27	12	8	11	12	12	10	17	14	8	12	19	28	25	21	13	10	12	6	6	7	4	4	5	7	10	5	3	7	4	2	4	6	6	13	15	16	19	12	9	9	11	10	9	5	7	7	14	16	11	11	8	13	12	11	15	12	9	10	8	13	7	10	14	7	1	1	2	1	0	2	1	3	4	5	4	2	3	2	2	10	8	6	23	25	28	21	18	15	7	7	12	12	14	17	8	13	8	13	15	14	15	7	14	8	6	16	11	8	8	15	8	7	10	12	9	7	9	5	0	1	0	0	0	0	0	0	0
1	0	0	0	1	0	2	1	0	0	1	2	1	3	2	3	14	15	17	27	29	27	9	21	16	14	8	10	16	17	19	15	19	23	25	20	32	17	12	3	7	6	7	4	3	5	8	13	16	6	7	3	4	5	4	17	11	13	20	13	14	21	17	7	11	12	8	10	14	5	16	4	9	10	9	8	9	10	7	8	11	7	11	11	6	8	6	1	3	0	1	0	1	1	1	3	2	2	1	1	2	6	10	11	9	22	23	17	39	24	17	11	6	16	11	7	11	9	14	16	13	10	7	9	11	12	13	12	12	8	12	10	7	10	11	10	12	11	10	7	7	1	1	0	0	0	0	0	0	0
0	1	0	1	0	0	0	1	0	0	1	0	1	2	3	9	7	12	17	21	30	32	36	22	28	18	17	25	10	16	9	10	22	23	20	18	14	22	12	3	9	7	6	5	8	11	5	7	9	11	9	6	11	12	18	10	22	26	20	24	22	23	15	12	15	7	7	10	12	1	10	3	7	8	7	8	8	8	7	6	3	5	9	5	9	7	9	4	1	1	0	1	0	1	2	3	3	3	4	3	5	6	8	8	12	15	26	20	8	13	14	10	11	11	12	8	6	10	9	6	8	11	11	11	7	12	12	12	14	13	10	10	9	16	13	16	14	11	4	2	8	3	2	0	0	0	0	0	0	0
1	0	0	0	2	0	0	0	0	0	0	0	0	1	4	5	3	11	15	25	26	26	24	32	36	17	18	19	16	12	15	12	12	15	8	20	21	11	7	12	3	5	11	1	1	11	5	17	8	8	12	9	18	23	29	27	18	16	18	7	11	14	16	9	4	4	6	4	3	4	7	3	2	6	4	6	10	5	4	6	2	5	3	0	6	1	4	2	1	2	0	1	0	0	1	0	6	4	3	7	4	5	6	5	15	24	20	17	15	16	8	8	9	8	6	15	11	11	10	6	16	9	10	12	10	12	16	10	13	13	5	18	14	18	16	18	8	11	12	12	11	15	6	2	0	1	0	0	0	0
1	0	1	2	1	1	1	1	1	0	0	0	1	0	0	5	3	2	9	11	23	28	28	24	13	13	10	6	11	4	6	8	9	8	10	21	16	16	13	9	5	8	8	6	7	11	13	16	17	12	14	13	17	8	29	27	26	20	14	18	9	15	12	4	2	4	3	2	2	4	4	3	6	6	9	7	8	6	5	6	2	4	4	5	2	2	2	0	1	1	1	2	0	1	6	7	3	2	2	7	11	9	12	3	11	23	13	10	13	8	11	4	10	9	7	12	9	17	14	9	13	10	10	9	10	15	16	10	8	9	11	10	11	21	13	12	21	16	13	12	21	18	13	6	0	0	0	0	0	0
0	0	0	2	2	0	1	1	0	1	1	2	0	0	0	1	1	2	8	7	17	31	24	30	14	10	11	9	7	7	5	6	4	5	5	5	11	15	9	7	3	5	7	10	14	15	11	16	20	11	12	25	23	27	32	26	24	21	27	13	13	10	7	9	0	3	0	1	1	1	4	1	3	5	2	6	16	10	5	7	5	5	6	1	3	4	0	3	3	0	1	0	0	2	5	2	1	5	12	5	7	4	8	11	13	19	13	9	12	8	8	9	8	10	15	14	15	14	14	15	17	11	11	11	8	19	11	6	13	10	14	14	3	14	15	13	19	15	27	14	14	24	9	5	2	0	0	0	0	0
1	0	0	1	1	1	1	0	3	0	0	0	1	1	1	1	0	1	6	9	17	37	30	26	17	14	5	6	4	3	1	4	6	6	10	15	11	8	9	12	10	4	13	9	14	13	14	13	12	12	8	8	15	23	23	40	36	36	19	18	20	4	6	6	0	2	1	1	1	1	3	2	1	2	9	6	8	3	6	7	2	5	3	5	4	2	5	5	0	3	2	3	1	4	6	1	9	6	7	11	8	13	9	8	14	16	22	16	8	3	6	9	15	14	7	8	11	18	24	15	9	7	18	11	7	15	11	12	13	14	7	16	11	15	25	9	21	15	17	20	23	20	16	4	2	0	0	0	0	0
0	0	0	0	1	0	0	1	3	0	0	0	0	0	1	1	2	1	3	4	15	36	27	35	13	4	6	3	1	1	3	5	5	8	7	13	17	11	8	5	4	9	11	11	10	21	18	12	12	10	11	13	25	25	30	40	40	34	26	18	17	7	5	3	2	0	0	0	2	1	1	2	3	3	2	10	9	7	7	3	3	3	4	2	2	4	0	2	4	0	1	0	1	2	2	7	2	7	6	13	12	17	15	16	19	30	26	22	5	12	8	2	9	9	16	10	7	10	8	8	16	13	10	10	12	12	10	13	18	12	13	16	14	22	25	16	21	16	18	10	19	20	7	2	1	0	0	0	0	0
0	1	0	1	0	1	0	1	1	0	1	0	0	0	0	0	5	3	1	11	14	11	23	21	13	9	4	0	2	2	5	10	4	18	6	8	14	18	14	12	4	10	5	11	10	20	19	16	11	10	11	9	13	22	26	39	32	29	27	11	8	5	3	0	1	1	1	1	2	0	3	1	4	6	8	7	8	11	9	9	6	7	6	4	6	2	7	2	4	3	2	2	2	3	2	1	7	3	12	17	17	24	20	17	17	28	33	25	11	7	8	4	10	7	8	13	10	16	13	16	10	12	13	10	5	10	9	16	11	8	16	15	17	16	16	18	20	16	22	14	15	9	3	0	0	0	0	0	0	0
0	2	0	1	1	1	0	2	1	1	1	0	0	1	2	2	2	4	3	2	3	17	13	17	10	4	4	0	1	3	3	6	5	7	7	10	16	17	11	11	9	10	8	9	13	19	9	16	21	10	9	12	11	11	24	31	22	28	21	11	6	6	4	1	1	1	1	1	0	2	2	2	4	2	7	8	8	4	8	12	5	6	5	5	5	3	2	4	5	6	6	7	6	5	1	2	5	5	12	13	20	29	15	12	13	36	23	19	14	12	10	6	8	12	12	13	12	12	14	11	10	12	9	7	19	13	9	12	12	8	15	9	19	27	15	28	11	26	15	9	13	8	3	0	0	0	0	0	0	0
0	1	1	1	1	1	0	0	1	3	1	0	0	3	0	3	3	2	3	3	3	8	7	5	9	2	4	1	4	7	7	5	7	6	3	3	10	17	12	15	15	18	10	16	19	20	21	19	16	20	6	4	6	10	13	22	20	11	6	8	4	3	0	3	3	1	1	0	0	2	0	5	1	6	6	7	15	12	7	3	5	5	4	3	5	11	9	14	19	3	12	16	7	7	2	2	1	10	17	20	16	22	20	13	27	24	26	16	10	14	9	11	8	9	7	4	9	13	4	6	14	14	8	12	10	9	12	18	10	18	13	15	10	12	16	18	18	13	18	12	4	4	1	0	0	0	0	0	0	0
0	0	0	0	2	2	1	0	0	1	1	0	1	0	0	2	3	3	2	3	4	3	1	4	1	2	4	3	3	10	5	5	3	1	6	8	8	9	13	22	11	25	14	14	19	16	22	33	17	14	11	7	11	9	6	17	18	8	4	4	2	2	1	0	3	2	0	0	0	0	0	1	2	3	2	9	10	7	7	7	3	8	3	5	8	11	12	20	13	18	23	17	8	1	1	0	4	4	16	15	17	20	16	19	24	21	19	12	11	4	14	11	15	12	10	11	13	15	10	13	8	7	12	9	12	5	12	20	12	15	19	10	13	10	14	15	20	19	15	6	3	3	0	0	0	0	0	0	0	0
0	1	0	0	0	1	0	0	1	2	1	0	2	1	3	3	0	1	3	1	1	4	1	1	4	2	0	3	10	7	4	7	2	3	4	7	7	11	14	15	16	20	15	20	23	19	15	25	16	17	25	13	7	4	5	10	7	7	3	1	0	3	1	2	1	0	0	1	0	0	0	1	1	5	6	8	5	8	6	12	7	4	7	9	11	17	15	23	26	28	17	14	8	3	2	9	7	6	8	11	10	15	10	37	28	17	18	14	9	9	13	27	16	21	12	12	9	7	17	7	16	14	14	18	15	17	20	21	10	15	10	16	10	16	28	21	13	3	4	1	3	0	0	0	0	1	0	0	0	0
0	1	0	2	0	1	3	1	2	0	0	2	2	1	1	4	2	3	1	4	4	1	0	2	1	5	9	8	20	16	10	5	1	3	6	4	3	8	13	10	18	17	15	15	16	16	11	21	19	12	12	8	8	4	3	2	5	3	7	2	1	1	0	0	0	2	0	0	1	0	0	4	1	3	2	9	7	12	13	10	13	11	6	10	14	30	32	42	30	34	19	15	12	7	2	3	3	2	3	10	10	14	12	16	21	15	13	9	12	6	10	15	8	17	8	15	11	20	14	14	17	14	14	16	16	20	9	18	16	16	12	21	12	15	9	13	7	4	1	2	1	0	0	0	0	0	0	0	0	0
1	0	1	1	1	1	3	3	3	1	0	0	2	6	3	6	3	3	0	1	1	4	3	3	1	1	5	8	11	18	13	6	2	1	4	4	2	3	8	9	6	14	9	9	18	13	13	12	19	13	13	7	2	5	4	3	0	3	1	1	0	1	1	3	0	3	0	2	1	1	1	0	2	6	1	5	5	11	18	8	11	10	9	12	17	23	20	32	27	35	31	27	4	5	5	1	6	5	7	5	5	10	17	13	14	16	12	12	11	15	7	11	12	5	12	14	6	16	19	11	6	14	12	10	9	8	15	13	9	15	14	19	13	22	9	9	6	2	1	1	1	0	0	0	0	0	0	0	0	0
0	0	0	0	0	0	1	1	0	1	0	1	1	1	3	2	2	2	0	3	0	0	3	0	0	6	2	7	12	15	10	8	2	1	2	4	3	5	2	3	14	10	10	15	15	13	8	10	17	14	10	2	5	1	4	2	0	3	0	3	6	4	2	1	2	0	0	3	1	1	1	2	3	1	2	2	3	6	16	10	6	12	7	7	14	19	28	27	42	28	15	19	9	7	3	3	3	4	2	7	9	6	13	9	13	17	10	6	9	7	15	10	4	12	12	12	18	15	19	12	14	21	14	15	13	7	11	8	9	15	12	13	12	11	15	6	8	4	0	0	0	0	0	0	0	0	0	0	0	0
0	0	0	0	0	0	0	0	1	1	2	1	0	4	4	3	2	2	0	0	2	0	0	4	3	5	5	14	9	5	8	3	3	4	2	3	4	2	5	6	8	11	6	22	17	23	24	16	22	9	17	11	8	4	4	3	4	4	8	7	6	4	1	3	2	3	0	3	1	3	1	2	5	7	3	2	6	2	5	7	6	6	8	5	14	16	26	27	17	18	19	9	4	1	2	6	3	2	9	5	7	9	7	14	12	8	10	14	13	6	10	7	10	13	10	17	18	11	14	20	11	13	11	4	12	8	6	13	16	15	12	19	18	11	8	7	3	1	0	2	0	0	0	0	0	0	0	0	0	0
0	1	0	1	0	1	0	1	0	1	1	1	0	0	2	1	1	3	1	2	0	2	1	2	1	3	5	8	12	6	9	6	3	2	4	1	2	10	3	10	18	14	9	17	28	29	19	13	13	9	8	7	2	6	5	3	3	5	2	13	16	6	5	3	1	2	5	7	7	5	4	8	6	5	2	3	4	11	4	4	4	5	3	6	12	15	10	17	15	8	10	7	4	1	5	5	5	6	5	9	7	13	17	13	8	8	7	12	18	11	7	12	9	10	15	19	23	13	17	12	13	12	13	8	12	11	8	11	13	15	12	23	11	13	7	9	1	2	2	0	0	0	0	0	0	0	0	0	0	0
0	0	0	0	1	0	1	1	0	2	1	0	0	0	0	2	3	0	2	1	2	1	0	3	3	5	7	9	15	8	9	6	2	4	1	3	3	6	10	20	9	11	14	18	19	27	19	23	7	10	6	5	5	7	11	9	7	6	3	12	12	9	3	1	1	1	5	7	7	8	9	7	2	6	1	5	3	4	5	3	3	4	5	1	5	4	7	7	13	9	7	4	3	1	3	6	7	2	12	8	17	13	14	17	15	14	8	9	9	13	12	6	9	14	9	14	12	13	16	17	12	12	7	12	13	12	13	12	10	9	16	9	14	6	10	6	5	4	2	0	1	0	0	0	0	0	0	0	0	0
1	0	1	1	1	0	3	0	1	3	0	4	3	2	0	0	0	4	1	2	1	0	4	1	6	5	12	12	13	23	8	8	7	4	1	3	7	14	14	20	11	7	6	20	11	16	12	15	10	10	11	4	10	12	20	12	11	6	9	7	24	12	7	3	0	8	6	2	10	10	9	4	9	6	5	3	4	3	6	3	5	1	3	5	4	7	6	7	4	5	3	2	2	3	2	4	3	7	15	8	13	18	16	22	15	8	9	10	10	7	8	9	9	5	15	8	7	13	12	9	6	6	7	18	6	12	9	11	11	16	8	14	6	10	6	8	5	3	1	0	0	0	1	0	0	0	0	0	0	0
0	0	0	1	0	2	0	1	1	0	1	1	3	3	3	1	0	0	2	2	2	0	1	3	7	10	15	10	29	26	16	15	4	5	4	1	16	14	11	14	6	4	5	9	11	23	8	16	13	5	7	10	9	14	14	17	15	11	14	17	26	7	10	0	2	9	5	4	17	7	8	5	5	7	2	6	4	6	6	1	3	6	6	5	8	6	9	4	3	5	3	3	3	3	8	10	3	8	9	8	10	12	9	14	12	10	16	9	9	13	10	12	11	14	7	16	14	11	19	8	13	6	19	15	14	10	10	21	12	11	10	16	14	10	3	9	6	5	1	1	0	0	0	0	0	0	0	0	0	0
0	1	0	1	0	0	1	2	1	1	7	1	2	2	4	0	1	1	0	0	1	2	1	9	6	9	13	25	36	29	22	12	8	6	3	3	12	12	9	6	5	6	5	11	12	6	13	9	8	11	8	11	12	7	14	12	17	8	13	12	16	8	2	3	3	6	4	14	17	7	6	2	6	5	4	8	2	4	6	2	5	2	1	5	1	4	7	5	2	1	3	0	0	1	5	5	1	5	3	7	6	8	10	13	17	14	4	13	10	9	10	7	13	8	17	13	7	7	11	11	15	9	9	5	9	12	13	6	11	13	19	19	21	9	11	8	11	5	0	1	0	0	0	0	0	0	0	0	0	0
0	0	1	0	1	1	2	3	4	4	4	4	2	6	3	1	3	2	0	1	3	1	5	7	8	10	10	14	42	36	33	19	9	4	9	5	8	14	11	10	4	2	4	7	8	8	5	8	15	9	7	5	17	9	13	6	9	14	11	4	9	5	5	5	5	3	8	11	7	5	5	3	6	4	7	5	2	13	5	7	6	5	5	2	3	5	4	1	0	3	2	4	3	3	4	9	3	5	3	4	3	7	1	9	15	6	11	8	12	7	13	10	8	6	11	12	8	10	13	8	9	15	12	8	12	9	20	15	20	8	14	20	14	15	11	4	6	5	1	0	0	0	0	0	0	0	0	0	0	0
0	1	0	1	5	0	4	3	0	2	4	6	7	8	1	0	0	1	0	0	4	3	3	5	6	8	16	23	24	27	24	14	12	11	3	7	16	11	6	5	2	3	2	3	3	5	3	9	1	6	12	13	11	13	13	8	13	8	13	8	16	5	3	4	3	4	5	8	11	9	5	8	9	9	11	4	7	5	10	11	8	4	3	5	6	1	1	3	1	3	5	3	3	6	9	3	4	4	4	5	6	6	6	11	8	6	16	5	8	12	11	13	11	12	9	11	13	7	7	10	17	13	16	11	19	13	22	9	14	15	13	19	15	10	8	9	9	5	2	0	0	0	0	0	0	0	0	0	0	0
1	0	1	4	3	5	7	4	5	4	2	5	6	4	4	1	2	0	0	2	1	3	6	12	4	10	19	21	25	20	18	20	12	7	8	4	10	2	5	4	1	3	5	5	1	4	7	4	5	7	8	7	9	13	8	11	4	6	8	8	10	10	3	9	3	3	6	8	3	5	1	10	9	16	11	8	5	16	10	10	6	10	7	7	3	2	1	1	2	0	8	3	6	5	5	4	7	8	3	3	5	4	8	13	7	11	11	9	12	2	7	14	13	12	11	12	16	11	13	8	11	19	13	12	14	12	15	16	23	26	12	13	12	6	7	7	2	3	2	0	0	0	0	0	0	0	0	0	0	0
2	1	1	0	4	7	12	6	4	1	4	10	5	2	3	1	1	1	2	1	3	2	4	10	8	8	15	18	27	24	20	13	14	10	15	7	7	14	8	9	3	2	3	2	5	3	4	3	7	5	5	5	7	5	4	5	6	9	12	3	11	8	3	4	4	1	3	5	4	8	8	8	16	21	10	14	12	12	19	10	5	6	5	4	3	0	1	2	1	0	4	5	4	6	6	11	2	8	5	3	3	9	7	10	7	9	10	2	11	9	11	6	12	13	14	17	11	9	10	11	10	10	14	10	11	18	22	13	18	9	13	11	7	8	5	4	3	0	1	0	0	0	0	0	0	0	0	0	0	0
3	1	1	2	3	8	2	4	8	5	6	3	3	6	2	1	2	2	4	2	3	7	7	7	9	5	6	17	25	19	14	10	20	12	8	6	9	3	12	4	8	8	3	7	4	6	3	6	6	4	6	2	3	5	2	1	4	7	7	5	13	8	7	9	4	2	6	2	4	9	5	14	14	13	7	10	8	19	12	8	8	10	2	4	1	0	2	1	5	0	6	8	3	9	9	7	5	7	9	6	5	13	9	7	13	11	10	5	12	6	13	8	7	11	5	16	12	12	5	12	12	10	12	10	15	5	9	14	16	24	21	14	10	7	2	6	0	2	0	0	0	0	0	0	0	0	0	0	0	0
0	0	2	1	5	4	7	3	6	5	6	3	8	2	4	0	2	0	1	1	7	5	2	6	11	8	6	10	12	11	15	5	13	14	8	8	8	10	9	14	6	3	6	5	2	1	10	5	5	6	4	6	3	3	5	2	3	6	7	12	5	1	10	4	5	2	2	2	2	5	13	7	19	10	8	6	20	23	13	16	6	7	4	4	1	0	1	0	3	4	3	7	1	9	6	6	9	10	3	15	12	9	11	9	8	10	5	10	9	12	8	6	9	7	10	10	10	10	9	9	5	13	9	5	13	4	10	16	9	20	14	15	7	7	3	2	0	2	0	0	0	0	0	0	0	0	0	0	0	0
0	3	0	1	3	5	3	5	6	7	7	5	5	4	3	0	2	1	2	4	3	5	5	4	8	9	15	10	17	10	12	7	7	9	13	11	7	7	12	10	7	6	7	6	2	5	3	6	4	5	1	6	4	2	3	2	5	9	4	5	7	3	8	6	2	2	4	1	5	5	8	9	16	13	8	11	13	12	10	8	4	6	3	3	0	2	1	2	2	1	7	10	8	9	9	7	9	3	10	3	7	11	13	10	7	14	7	16	12	11	7	6	11	5	4	18	14	8	8	16	9	15	16	15	11	10	15	9	14	12	11	10	11	17	4	2	1	1	0	1	0	0	0	0	0	0	0	0	0	0
1	0	1	1	0	3	2	5	3	2	6	5	2	3	2	5	1	5	5	7	6	10	8	6	7	7	16	9	11	14	12	10	4	9	7	3	6	14	16	9	14	11	7	8	9	3	4	1	6	5	5	2	2	3	2	5	3	11	9	5	8	4	6	4	2	6	3	3	5	4	4	7	9	7	6	6	4	13	9	7	4	4	2	5	2	4	2	2	3	1	9	12	8	10	5	7	12	7	5	8	13	13	6	7	8	12	9	11	8	7	7	11	15	7	8	7	8	6	13	7	13	7	21	12	10	15	12	13	21	16	16	22	10	6	12	5	4	0	0	0	0	0	0	0	0	0	0	0	0	0
0	0	0	0	1	1	3	1	4	6	4	3	4	7	4	4	3	4	1	3	6	5	5	2	5	3	3	7	12	4	13	8	11	6	6	6	8	10	11	16	6	7	7	6	2	1	6	8	5	3	0	2	2	6	4	2	2	5	5	6	2	6	1	3	2	2	1	3	5	12	6	6	8	4	6	7	7	4	8	4	2	11	9	5	2	2	4	7	3	4	6	9	9	7	5	9	7	7	3	10	14	13	11	12	8	7	17	11	11	17	6	4	11	10	11	9	8	11	5	10	8	15	18	15	8	11	16	14	22	12	16	5	7	6	1	4	3	0	0	0	0	0	0	0	0	0	0	0	0	0
0	0	1	0	1	0	0	0	1	5	4	4	4	4	4	2	3	5	2	4	6	7	9	5	4	8	9	4	8	12	6	7	9	9	8	6	9	6	8	11	6	6	4	7	6	0	5	3	6	2	3	3	0	3	2	3	6	2	2	3	4	4	1	3	1	3	3	6	6	2	6	7	4	4	1	8	4	11	9	12	7	16	10	6	8	6	2	1	7	5	8	5	4	7	5	1	5	7	9	12	13	11	8	9	8	12	13	6	11	13	10	11	4	12	6	7	14	11	13	11	10	9	12	11	18	7	16	19	18	15	7	5	4	6	5	2	0	1	0	0	0	0	0	0	0	0	0	0	0	0
0	0	1	0	0	0	1	3	1	4	3	4	9	2	2	0	3	7	9	6	5	11	5	11	3	2	8	6	11	11	9	8	9	10	5	6	6	7	7	9	6	6	5	1	2	6	5	9	2	4	3	3	2	2	4	3	2	4	5	2	1	7	4	3	4	1	7	6	3	11	6	9	5	7	3	4	8	6	17	9	9	8	12	12	9	4	2	5	2	5	10	9	9	7	4	4	4	7	9	9	8	8	7	12	9	9	13	9	9	11	9	8	9	4	9	13	9	11	4	12	17	8	13	13	12	16	14	11	15	13	11	11	10	8	4	4	2	0	1	0	0	1	0	0	0	0	0	0	0	0
0	0	1	0	1	0	1	2	1	5	2	0	4	3	5	8	7	7	7	3	6	13	10	10	10	9	10	9	8	2	2	9	10	6	9	5	5	5	2	5	3	5	2	4	2	2	6	6	3	3	4	6	5	6	3	8	4	5	2	2	1	1	2	2	5	6	8	10	8	12	9	17	15	15	8	10	12	13	13	9	10	12	11	12	10	4	2	3	3	10	12	8	7	6	1	7	4	4	7	11	10	12	12	10	8	13	8	9	10	9	5	13	13	10	10	10	14	6	9	12	17	13	14	11	11	7	15	16	16	17	15	8	12	4	0	2	0	0	0	0	0	0	0	0	0	0	0	0	0	0
1	4	1	0	1	1	0	2	3	2	4	0	6	4	8	9	11	10	9	16	13	12	12	15	20	9	6	7	8	5	4	3	7	6	5	4	2	2	2	5	1	1	2	1	5	2	3	8	7	3	8	5	5	6	2	7	4	2	1	3	2	2	1	1	2	7	12	16	18	14	21	22	19	19	13	10	24	25	17	13	15	8	16	12	9	7	2	4	7	13	8	6	1	4	1	2	0	13	16	21	11	14	6	11	14	4	11	11	6	3	14	8	5	5	7	7	9	9	14	5	9	9	9	8	17	12	10	12	18	14	10	11	6	8	2	3	0	0	0	0	0	0	0	0	0	0	0	0	0	0
0	1	2	1	0	1	3	1	2	1	1	4	11	6	10	13	10	6	6	15	17	14	17	16	12	7	7	2	2	2	2	6	9	7	5	5	2	3	3	1	1	2	0	0	2	5	6	9	7	7	7	5	15	9	4	4	3	3	2	4	1	3	3	3	3	9	14	16	24	19	31	30	22	16	10	16	30	22	20	14	15	14	18	12	15	10	7	7	7	7	7	11	5	5	3	6	4	9	12	24	28	15	11	9	4	10	9	15	9	13	13	9	6	15	8	11	13	13	18	9	10	12	17	9	10	12	15	12	18	11	11	7	4	3	3	2	0	0	0	0	0	0	0	0	0	0	0	0	0	0
3	1	1	1	1	1	0	1	4	4	5	4	8	12	14	13	18	10	13	23	15	8	16	21	13	13	7	1	2	2	0	3	5	10	1	7	5	1	2	5	7	5	3	2	4	5	5	8	5	6	3	10	10	12	8	8	4	2	1	0	0	1	5	2	5	12	20	23	23	28	32	16	26	9	19	25	34	23	24	9	6	8	13	25	11	8	2	5	9	7	12	5	3	2	2	4	1	10	14	30	20	29	14	13	10	11	7	11	6	11	8	13	13	10	9	12	8	11	10	14	14	10	10	11	10	21	8	6	15	19	11	5	6	6	2	1	0	0	0	0	0	0	0	0	0	1	0	0	0	0
0	1	1	1	1	2	0	6	4	2	9	7	8	17	17	27	24	21	12	32	22	19	16	17	17	13	9	4	2	2	2	0	5	8	5	11	9	4	1	3	5	4	0	7	5	7	5	3	2	5	7	6	9	13	6	6	6	1	1	1	1	2	2	5	7	4	15	22	27	29	24	18	22	13	21	22	20	26	22	10	12	9	13	17	8	8	6	8	6	8	12	5	4	3	2	1	4	17	30	36	32	15	19	9	8	12	7	12	11	10	8	15	15	10	10	12	12	12	15	9	11	13	10	13	19	15	10	21	18	11	4	14	11	4	0	2	0	0	0	0	0	0	0	0	0	0	0	0	0	0
2	0	1	1	3	3	1	3	7	3	5	11	10	12	22	15	38	19	33	19	21	20	15	16	14	11	7	3	2	1	0	1	4	5	9	7	5	8	3	10	2	6	3	7	11	8	5	7	4	8	12	12	7	8	8	4	0	0	0	1	4	2	1	3	2	13	15	24	12	16	15	19	14	10	18	16	27	23	21	18	12	7	5	4	11	8	6	7	13	12	12	12	9	4	2	0	7	14	18	14	26	26	17	11	9	9	22	15	8	9	8	18	13	19	8	7	9	8	15	12	7	7	5	11	9	9	19	21	14	14	11	3	6	3	0	1	0	0	0	1	0	0	0	0	0	0	0	0	0	0
1	0	0	0	3	4	5	2	3	2	5	7	7	19	18	27	30	38	40	32	21	16	15	6	9	11	6	1	0	0	1	1	4	5	6	5	1	4	8	5	9	14	4	10	5	6	6	8	10	9	12	6	12	5	2	1	1	2	1	0	1	2	2	3	4	8	5	9	14	13	10	14	12	17	15	16	16	25	16	9	11	8	7	7	16	6	7	9	7	9	9	6	9	2	4	1	5	12	14	15	17	22	13	11	14	5	10	13	8	10	10	4	6	23	7	13	10	13	12	12	9	9	19	14	13	17	21	18	16	13	10	4	1	3	1	0	0	0	0	0	0	0	0	0	0	0	0	0	0	0
0	2	1	2	2	5	5	1	4	5	8	6	7	13	27	49	30	45	33	38	25	17	20	11	8	5	3	1	2	0	0	2	5	7	4	2	3	2	8	3	5	4	7	6	3	6	8	8	11	7	10	11	11	6	2	2	2	3	1	0	1	2	3	2	7	7	14	12	13	11	10	17	15	10	15	15	20	14	17	6	8	1	5	5	6	15	17	10	6	7	8	12	11	5	5	1	3	16	15	13	9	15	15	18	19	14	9	9	7	15	12	17	13	14	11	15	16	18	15	9	15	18	12	18	14	18	23	16	10	6	4	9	1	1	0	0	0	0	0	0	0	0	0	0	0	0	0	0	0	0
2	0	1	2	1	2	2	3	2	3	7	9	10	11	31	31	44	37	26	28	30	27	14	12	11	3	3	2	3	1	2	0	0	2	3	9	7	8	9	6	6	7	5	4	5	4	6	7	10	16	17	13	8	6	2	5	2	0	1	1	2	3	1	5	5	4	9	8	11	6	10	9	25	10	4	10	9	12	16	6	7	3	5	12	15	15	19	6	10	7	9	10	8	13	6	6	2	7	14	15	19	26	18	10	21	15	15	13	11	15	13	15	9	10	10	12	12	8	11	18	10	12	9	18	15	9	12	8	14	12	8	3	3	0	0	0	0	1	0	0	0	0	0	1	0	0	0	0	0	0
0	0	3	0	0	0	1	1	0	2	3	4	11	19	31	28	23	24	26	15	13	12	15	9	4	5	7	2	2	1	3	1	1	3	4	2	10	9	7	11	3	1	6	6	4	9	13	15	18	20	15	17	5	3	2	1	0	2	0	1	1	0	2	1	2	9	7	11	11	10	8	11	10	5	14	14	9	12	8	8	5	8	6	3	13	15	7	11	5	11	9	16	5	8	5	4	8	11	9	8	12	19	15	6	16	7	15	20	12	17	10	26	8	17	11	12	5	14	17	15	12	21	12	13	15	16	14	15	16	7	6	7	3	0	0	0	0	0	0	0	1	0	0	0	0	0	0	0	0	0
2	1	0	0	1	0	0	0	2	2	3	3	7	20	25	21	29	23	14	14	6	10	13	13	7	5	3	1	2	2	0	2	4	0	5	5	9	10	5	6	1	4	1	9	10	7	6	19	20	15	21	7	2	3	0	3	1	0	2	0	1	1	0	4	2	4	6	5	9	9	7	8	9	12	9	6	3	9	6	6	6	4	7	8	8	14	12	8	11	15	10	6	6	6	5	6	7	10	14	17	19	8	14	8	15	14	16	15	11	9	9	11	15	14	8	12	15	22	15	14	22	7	17	18	17	13	6	7	13	6	9	5	3	2	0	0	0	0	0	0	0	0	0	0	0	0	0	0	0	0
1	2	0	2	1	0	1	1	3	4	4	5	3	6	20	19	12	7	12	4	6	11	9	10	10	8	3	2	3	0	2	3	3	5	1	7	5	10	3	5	4	2	3	6	6	12	15	13	17	12	11	6	5	0	0	5	2	1	1	2	1	0	3	1	1	5	4	6	6	14	3	7	10	7	11	7	6	6	6	2	10	5	5	15	5	10	6	7	13	10	8	7	11	6	8	5	8	6	18	11	19	11	9	19	15	13	14	21	12	12	11	11	11	13	18	16	16	26	25	13	28	15	13	13	10	12	12	13	13	6	2	0	4	0	0	0	0	0	0	0	0	0	0	0	0	0	0	0	0	0
2	0	1	0	0	0	1	1	1	2	4	4	5	12	6	12	16	6	8	10	12	17	14	17	11	6	5	2	1	2	4	6	5	4	5	4	6	4	5	3	0	1	3	6	11	19	12	8	9	8	6	3	1	5	4	1	2	1	1	0	0	0	1	1	4	9	5	8	3	6	8	6	7	9	4	11	2	4	7	5	10	7	3	8	8	8	11	11	7	7	12	15	10	8	8	10	5	5	10	19	16	19	14	18	13	14	21	17	15	15	15	13	16	11	16	11	20	27	26	24	21	23	20	12	15	17	13	12	14	12	9	3	1	0	0	0	0	0	0	0	0	0	0	0	0	0	0	0	0	0
0	0	1	0	1	0	2	2	4	1	3	1	3	2	5	3	1	4	8	10	9	17	18	13	8	8	7	10	4	4	9	3	5	5	2	4	2	1	1	2	2	5	8	5	8	12	7	10	7	8	8	11	4	3	3	2	1	1	1	2	1	4	1	4	2	6	5	7	10	4	2	6	4	3	5	6	5	6	4	2	6	10	10	6	12	8	8	6	12	9	17	13	9	9	7	5	1	1	6	6	15	14	16	14	10	9	18	26	13	21	17	22	15	15	12	26	23	26	17	25	22	23	13	18	14	10	15	8	10	9	13	5	1	0	0	0	0	0	0	0	0	0	0	0	0	0	0	0	0	0
3	0	1	1	0	1	1	1	1	3	2	2	3	3	1	2	4	1	4	11	7	15	20	13	14	11	17	8	13	7	6	10	7	4	2	2	1	1	0	1	1	4	9	8	13	5	6	3	11	8	7	3	8	10	3	2	2	0	1	3	2	1	8	7	3	10	3	8	1	5	5	3	4	6	8	4	3	8	2	11	9	4	11	5	9	11	2	7	5	9	7	10	17	7	5	4	6	0	4	13	9	12	12	10	14	13	13	20	15	18	26	24	21	21	15	26	15	28	20	21	15	27	12	23	10	14	7	14	10	18	10	2	5	3	0	0	0	0	0	0	0	0	0	0	0	0	0	0	0	0
0	0	0	2	1	0	2	1	1	1	2	1	0	0	0	2	0	4	0	8	8	13	27	19	30	14	18	21	7	10	15	14	9	6	7	4	0	1	0	4	7	3	8	9	10	13	9	6	8	6	13	10	13	2	3	2	6	4	2	1	1	3	2	2	6	2	6	3	4	2	2	3	0	7	8	5	8	4	5	7	8	14	20	8	3	10	2	3	3	1	6	9	5	4	4	1	4	4	4	10	10	10	12	8	14	9	9	13	25	18	16	28	23	17	19	22	21	23	17	17	12	16	20	12	22	12	16	16	13	16	14	9	4	0	1	0	0	0	0	0	0	0	0	0	0	0	0	0	0	0
0	0	0	0	1	1	2	1	2	1	1	1	2	1	0	1	2	2	4	1	4	6	16	25	15	23	21	17	12	14	16	12	16	15	5	2	2	2	0	0	5	6	13	8	4	5	2	11	3	8	8	12	13	8	6	5	8	8	1	4	8	3	2	5	0	5	6	5	5	4	4	2	5	7	8	11	6	7	11	13	14	10	6	3	3	5	3	1	4	3	4	8	10	9	3	2	2	6	2	9	14	11	7	10	13	14	11	6	14	10	14	19	23	12	23	21	26	19	17	20	16	15	13	18	22	7	6	10	16	7	11	6	5	1	0	0	0	0	0	0	0	0	0	0	0	0	0	0	0	0
2	4	1	2	3	4	7	6	4	4	1	0	1	1	1	1	1	0	4	0	6	11	13	36	20	24	13	11	16	16	9	12	10	18	11	3	1	0	1	2	7	6	8	6	6	5	4	3	8	5	2	5	7	5	10	2	6	7	9	9	11	7	6	3	4	3	5	6	5	5	4	6	2	7	9	15	18	17	20	21	19	14	7	5	3	4	2	2	4	1	1	2	4	1	1	1	4	3	5	12	10	7	10	16	10	6	12	4	6	11	17	14	16	15	10	19	28	26	17	20	12	13	9	11	8	7	8	11	10	3	2	4	1	1	0	0	0	0	0	0	0	0	0	0	0	0	0	0	0	0
3	0	0	0	6	10	7	3	4	3	3	3	3	5	4	2	0	1	2	5	3	6	16	17	17	22	11	12	10	15	15	22	12	7	3	4	2	0	3	1	2	5	2	4	5	5	1	6	2	4	6	8	6	6	6	10	5	14	7	11	9	9	10	4	5	1	4	3	4	1	4	1	3	10	8	12	19	20	29	14	17	6	8	1	4	2	2	3	4	2	2	5	2	5	1	0	5	2	8	5	7	7	9	12	9	12	12	11	15	20	5	14	19	22	22	17	24	21	15	20	16	11	13	8	12	9	12	15	9	10	5	1	0	0	0	0	0	0	0	0	0	0	0	0	0	0	0	0	0	0
2	1	2	1	3	4	3	8	8	2	0	2	4	0	2	3	4	1	6	5	4	8	9	10	16	15	18	14	13	11	17	24	10	10	9	6	1	2	3	1	1	2	1	2	6	2	2	5	7	8	7	12	10	10	10	6	7	23	11	17	20	22	5	4	5	4	1	4	2	3	5	6	7	6	16	24	22	26	18	15	15	9	3	6	1	3	0	3	2	2	5	7	1	1	2	3	3	4	4	12	8	7	9	7	9	8	9	8	10	15	16	13	15	13	14	17	26	20	16	14	15	16	13	7	7	7	15	7	7	4	5	1	0	0	0	1	0	0	0	0	0	0	0	0	0	0	0	0	0	0
8	2	1	0	4	3	2	1	3	1	1	2	3	1	3	4	3	4	3	7	8	4	6	18	15	20	18	12	8	11	13	22	14	17	3	4	1	1	1	2	2	2	1	3	4	7	6	11	10	14	13	10	5	3	5	15	11	13	20	14	12	11	7	11	6	4	5	4	5	6	4	5	5	5	10	21	21	35	24	20	5	7	4	5	2	1	4	6	11	6	6	4	7	0	0	3	2	4	4	6	9	12	9	3	13	7	8	9	15	16	11	12	10	18	16	12	15	18	25	7	16	13	18	12	9	14	13	7	11	2	2	0	0	0	0	0	0	0	0	0	0	0	0	0	0	0	0	0	0	0
7	4	1	1	1	1	1	5	0	5	3	7	9	8	9	14	17	6	7	5	6	5	8	14	21	16	10	16	12	12	11	19	18	12	4	1	2	0	2	0	1	2	2	2	4	9	6	11	14	18	16	7	8	4	8	11	21	25	15	20	20	12	14	13	6	7	9	6	4	5	4	3	4	15	11	24	28	22	24	11	17	11	3	5	4	2	8	4	3	8	6	0	1	1	0	1	5	7	6	4	8	6	11	12	9	9	13	10	13	20	17	11	7	7	19	16	16	18	17	8	18	14	21	9	11	8	16	6	10	5	1	0	0	0	0	0	0	0	0	0	0	0	0	0	0	0	0	0	0	0
5	1	2	1	2	0	1	1	0	2	8	4	13	9	19	28	17	17	12	8	12	3	16	19	13	18	13	13	12	9	7	19	9	11	1	3	2	4	4	2	3	1	1	4	5	15	25	15	16	21	16	8	8	11	11	9	12	18	29	19	25	15	23	5	5	7	11	6	7	5	10	8	9	13	14	24	22	25	21	15	8	4	4	3	7	7	8	7	15	6	7	9	3	3	1	2	3	5	7	9	16	13	6	8	8	10	12	19	7	23	7	9	10	15	11	18	13	13	13	7	16	13	15	10	14	6	11	8	12	7	4	2	0	0	0	0	0	0	0	0	0	0	0	0	0	0	0	0	0	0
8	3	2	0	2	0	1	2	0	2	5	6	19	23	28	29	26	18	3	6	7	6	8	15	14	20	11	13	10	15	6	7	0	5	7	1	3	3	2	1	0	1	3	3	7	15	14	22	20	25	16	10	8	5	13	15	12	19	19	21	22	14	16	10	10	9	5	11	10	5	6	9	7	3	14	22	19	25	12	12	5	8	3	3	1	11	4	8	14	23	10	7	1	1	5	6	6	2	7	9	3	2	11	5	8	1	12	13	6	11	12	9	10	19	15	12	8	14	14	10	15	2	10	12	15	10	14	6	12	2	3	0	0	0	0	0	0	0	0	0	0	0	0	0	0	0	0	0	0	0
7	1	1	0	3	0	0	1	2	1	3	8	11	20	26	22	27	14	5	3	5	7	8	13	10	11	12	9	8	6	4	3	7	7	8	1	1	6	4	4	1	3	2	3	8	16	17	18	26	16	10	9	10	15	11	13	20	22	16	12	22	18	10	7	9	5	9	9	9	5	7	5	7	5	13	17	14	17	16	8	8	5	3	4	8	15	9	16	17	19	12	10	7	0	1	3	4	7	10	10	8	9	10	8	8	12	13	12	11	9	12	11	10	6	7	16	8	12	8	9	10	10	13	13	16	17	13	7	10	2	1	2	0	0	0	0	0	0	0	0	0	0	0	0	0	0	0	0	0	0
3	3	1	1	0	0	0	0	0	0	1	4	12	18	22	21	16	9	13	5	6	9	6	7	9	7	10	7	7	5	5	6	3	1	6	2	4	4	5	5	3	1	3	4	6	10	21	18	18	13	12	5	10	14	18	21	9	12	8	17	22	15	7	7	4	7	11	14	11	13	3	4	4	8	9	21	18	14	10	5	10	2	8	6	9	12	19	26	19	21	15	8	4	4	2	5	9	6	7	4	7	14	5	13	5	8	22	14	12	10	10	12	11	15	11	9	14	19	9	12	17	10	18	22	12	21	10	16	6	4	2	0	0	0	0	0	0	1	0	0	0	0	0	0	0	0	0	0	0	0
7	2	1	0	1	0	1	0	0	0	3	8	4	9	19	16	14	10	8	11	15	4	1	4	5	4	10	9	7	7	15	11	6	6	5	6	9	11	5	4	3	4	4	6	6	7	11	8	7	6	8	5	7	16	11	20	10	13	16	22	7	7	10	2	7	3	8	9	6	3	6	16	4	9	12	9	9	15	3	9	13	5	9	11	16	24	11	23	17	16	15	9	9	3	5	9	11	8	4	6	8	6	5	13	5	9	12	6	13	7	15	5	14	10	19	17	9	13	12	13	13	10	18	17	13	15	9	8	6	3	3	1	0	0	0	0	0	0	0	0	0	0	0	0	0	0	0	0	0	0
