37	48	32	34	33	33	38	36	43	32	35	25	33	29	25	35	32	33	47	44	30	43	43	40	46	34	27	18	12	34	27	31	40	36	38	40	28	21	22	36	31	39	42	37	45	49	42	47	49	37	35	34	45	43	53	46	31	50	31	42	43	41	46	53	44	36	44	43	48	46	39	56	49	39	50	39	31	36	36	34	38	35	23	34	35	26	26	36	33	38	30	23	25	53	47	51	36	35	49	40	37	30	26	12	15	31	20	16	13	9	13	15	21	34	51	41	39	44	44	39	44	49	43	45	57	49	53	50	42	29	35	29	23	11	16	7	14	7	11	4	7	2	4	10	9	6	6	3	6	9
30	38	35	46	25	35	43	41	33	45	34	32	24	24	25	36	38	31	37	44	40	52	38	43	42	41	40	14	16	17	38	37	47	39	36	37	26	28	30	30	42	39	40	49	43	34	48	44	38	39	53	44	40	47	34	29	40	35	41	44	44	33	49	56	38	24	37	37	45	59	45	36	46	41	35	23	28	28	39	35	29	27	21	13	19	29	33	31	35	46	25	24	35	43	32	39	51	53	39	32	35	37	24	15	9	13	14	18	12	10	16	21	28	43	32	41	31	40	39	40	45	38	57	36	58	47	56	44	36	42	26	30	14	10	18	14	12	10	8	3	5	9	6	6	6	5	5	7	13	14
40	35	28	33	42	47	35	40	33	32	32	24	19	13	29	38	29	37	43	43	50	35	41	36	42	40	25	22	29	29	39	46	45	37	44	31	22	29	42	37	35	49	40	26	36	39	46	48	41	53	33	32	45	50	35	31	33	47	39	29	36	57	44	41	42	34	39	34	36	33	40	32	54	39	39	39	28	49	45	49	40	37	24	16	27	28	29	40	36	35	32	37	41	43	46	44	30	44	51	52	38	27	15	11	10	15	6	12	11	21	28	30	39	36	40	26	22	24	30	47	41	38	37	45	56	70	41	51	47	41	37	29	19	21	20	6	8	6	6	7	5	5	4	7	6	5	9	8	5	9
43	38	37	48	39	30	36	40	36	39	22	14	10	9	24	28	43	45	45	37	44	47	36	40	35	36	14	16	25	32	37	44	41	34	46	29	48	49	46	31	33	55	37	34	52	52	48	50	45	41	41	34	41	57	38	47	39	40	39	37	40	39	41	38	37	23	35	45	52	36	43	40	50	39	34	31	23	28	38	37	24	22	17	20	22	41	41	46	34	27	26	37	32	47	46	41	46	33	34	32	43	22	9	11	17	9	12	12	14	26	34	43	41	35	40	28	15	24	22	34	44	35	55	55	55	41	59	47	38	36	38	36	9	14	18	11	9	4	8	7	5	3	3	9	7	8	12	15	10	12
41	43	32	40	42	35	40	27	29	31	15	15	10	23	24	28	34	47	40	39	45	42	50	39	39	20	27	19	37	37	36	43	44	44	43	25	36	36	46	37	38	41	38	39	42	39	23	40	38	42	48	40	41	51	48	48	50	32	40	39	44	42	40	33	45	41	45	48	38	35	36	49	48	46	38	21	25	33	30	42	44	25	19	34	33	41	22	33	28	21	23	29	41	47	43	51	48	27	30	47	33	39	20	8	11	11	8	17	17	43	41	45	31	44	35	32	18	16	21	28	37	57	47	43	56	43	37	39	48	53	30	32	27	17	13	10	4	4	3	7	7	4	8	3	12	10	6	4	3	6
48	40	38	36	39	43	32	29	42	27	15	7	5	12	23	42	36	40	43	55	44	42	47	42	41	23	22	22	35	36	31	47	40	50	48	36	43	40	39	57	35	32	30	32	42	34	35	41	41	36	35	24	19	42	32	39	39	45	44	42	54	45	40	49	35	46	48	40	38	40	38	41	42	39	30	19	34	44	38	40	39	24	18	24	34	46	35	34	19	21	34	37	40	49	49	41	44	33	35	33	27	18	24	10	15	9	10	18	25	41	48	42	43	47	41	24	13	14	19	27	52	41	58	59	42	21	31	34	48	46	52	33	18	17	9	16	12	5	5	4	4	4	7	8	12	9	12	8	10	11
50	39	42	39	34	34	26	37	34	29	20	18	8	13	18	38	45	53	48	35	39	30	45	32	29	14	18	26	35	35	46	45	41	45	47	35	27	37	48	37	39	24	21	36	30	39	45	30	31	18	25	26	46	34	32	36	38	45	53	31	50	41	57	42	47	34	39	39	34	45	36	44	34	33	34	22	34	40	43	50	44	34	43	47	44	50	23	34	38	32	34	39	48	42	48	41	27	32	25	27	25	27	10	12	8	8	16	25	41	40	53	49	48	43	43	20	11	11	13	28	48	54	64	61	47	28	27	37	44	42	33	29	21	21	14	17	13	8	8	2	2	6	3	5	7	10	12	15	7	16
43	39	36	38	40	36	30	36	39	34	21	10	5	16	18	28	43	34	48	40	51	43	34	25	43	28	22	33	32	32	49	56	39	38	49	48	37	44	38	34	33	34	19	21	23	28	30	26	22	30	28	29	34	37	35	35	39	43	47	37	49	53	35	39	31	54	40	45	34	38	33	42	38	34	28	31	26	34	37	36	45	38	33	40	34	42	44	38	44	40	50	33	53	47	49	38	46	34	32	28	32	28	8	10	7	13	17	41	29	42	50	42	37	46	30	15	9	15	12	33	36	34	38	44	27	33	50	47	47	50	41	29	16	9	13	14	8	3	4	0	6	8	7	6	10	8	11	13	7	6
50	45	42	36	40	36	31	33	37	30	24	14	9	13	16	29	28	45	49	40	45	54	41	40	45	32	25	27	35	30	45	43	35	48	45	31	30	44	36	45	32	28	18	13	20	15	22	28	25	29	34	40	34	36	40	45	39	33	48	41	32	43	42	32	45	47	35	52	38	39	36	42	38	21	36	36	28	40	43	35	49	37	42	38	24	27	27	50	33	40	53	31	59	44	34	37	43	32	32	29	28	27	19	19	17	21	18	38	37	44	47	42	43	48	28	20	22	19	12	31	20	31	49	37	46	34	42	53	51	43	31	22	17	18	11	7	6	7	4	2	3	6	3	15	9	7	12	12	10	9
48	42	39	44	37	36	39	27	29	25	20	18	17	15	12	16	32	42	34	38	49	40	39	39	36	29	30	20	24	31	32	40	33	28	40	49	48	53	28	33	30	36	33	21	17	20	23	31	56	26	41	43	39	42	27	46	37	53	40	47	57	53	55	49	44	43	31	38	40	45	27	35	21	20	26	40	47	31	44	38	43	35	34	30	26	29	41	49	38	42	34	42	52	44	41	36	35	44	37	18	30	24	32	18	20	26	34	47	49	39	50	43	43	37	29	28	19	35	31	27	18	37	31	47	43	41	38	41	48	47	43	21	25	20	10	8	8	3	8	2	1	5	8	7	10	12	5	8	11	7
36	41	42	37	52	32	35	38	41	31	32	22	24	9	18	18	27	31	43	36	36	32	40	32	37	34	39	22	13	20	22	43	38	42	49	43	43	23	40	39	41	42	53	26	22	20	41	34	45	36	39	36	47	38	39	34	47	45	43	51	50	34	47	34	41	53	42	44	43	49	39	35	19	24	25	32	39	40	44	44	36	40	32	46	29	45	42	34	40	49	33	46	35	29	39	33	42	49	49	40	41	32	30	29	37	37	48	36	30	45	48	44	53	40	41	48	43	42	46	30	24	34	40	49	48	49	49	47	48	51	31	25	19	16	9	10	11	9	10	6	2	5	3	10	15	10	9	9	10	7
48	40	37	39	38	39	32	21	31	26	35	34	27	15	18	23	28	30	35	33	33	32	45	33	49	46	28	15	16	21	37	40	39	48	37	34	41	40	34	29	37	45	36	25	37	35	37	39	33	29	46	48	39	34	48	51	42	29	49	41	36	47	51	29	41	39	32	51	26	42	38	29	27	20	32	39	33	40	42	36	45	34	45	34	39	44	34	53	45	44	38	43	36	42	34	51	49	40	45	40	36	46	48	35	28	48	45	31	38	51	46	52	49	52	48	40	58	43	46	39	29	41	37	53	41	43	48	34	49	46	28	17	16	16	15	14	12	13	8	14	7	6	13	13	8	7	4	8	9	4
34	37	47	52	32	35	24	17	31	31	36	24	46	22	26	27	34	34	23	25	18	21	32	36	26	31	21	20	28	31	27	42	40	40	31	33	32	34	35	23	26	23	40	34	34	23	44	39	43	42	37	42	42	36	28	52	44	34	39	41	40	50	32	49	37	43	54	39	37	32	23	45	35	34	23	37	33	30	25	23	25	36	38	28	46	53	35	41	34	52	35	38	40	46	52	61	44	43	28	41	26	39	43	35	42	48	47	54	43	42	41	47	51	46	50	39	39	46	48	42	54	55	38	46	45	47	53	57	44	35	19	19	15	26	15	8	10	11	13	15	6	13	15	6	15	10	9	7	13	11
42	40	34	34	33	19	11	10	19	31	39	39	35	38	34	40	33	22	15	13	12	15	25	29	16	19	18	14	19	33	40	33	32	44	32	31	28	32	24	28	19	28	28	36	31	35	43	34	50	30	40	37	51	34	23	34	32	25	37	54	47	41	57	45	37	40	35	25	22	27	36	26	38	26	22	37	37	26	24	26	26	28	47	41	36	40	38	58	40	49	45	47	44	39	43	23	51	42	31	41	39	33	28	37	49	35	41	32	58	52	44	36	41	53	44	51	41	60	51	44	53	44	42	51	56	58	59	51	68	35	19	43	35	46	31	23	11	8	14	11	12	10	19	7	6	7	6	9	11	11
50	42	32	21	20	18	18	13	11	31	37	33	38	43	40	44	25	30	14	6	8	10	9	10	14	15	15	9	23	32	35	40	34	48	29	22	14	14	20	15	22	15	41	35	26	30	32	49	34	32	51	40	41	26	36	36	16	24	39	43	33	48	33	39	28	19	23	23	19	28	37	32	13	8	12	21	31	32	29	18	30	36	41	41	41	36	49	40	38	47	44	62	53	35	44	33	47	31	39	29	35	44	51	35	34	43	38	46	37	38	41	48	41	45	46	46	40	48	44	40	47	49	50	45	64	57	72	79	43	30	34	35	37	35	27	15	12	9	14	5	13	13	8	5	9	12	6	14	11	12
53	36	26	22	15	11	17	12	10	22	35	23	41	43	41	46	27	15	8	6	4	6	15	9	13	15	7	3	10	23	31	36	31	36	32	18	21	17	26	23	26	44	36	33	35	53	28	42	40	44	35	31	25	18	27	13	14	19	37	32	43	39	39	28	35	31	22	35	27	23	29	20	25	23	14	15	23	31	31	28	31	40	27	43	44	35	41	48	44	42	56	46	39	30	31	45	45	32	43	48	38	39	43	24	35	37	38	36	44	30	37	42	54	46	52	54	50	47	58	45	42	37	62	51	62	67	85	71	38	34	45	68	58	56	37	28	19	15	12	10	19	10	6	8	9	10	13	13	7	5
39	31	24	20	18	25	19	10	14	11	25	26	38	27	36	38	39	9	8	11	7	6	12	6	5	16	14	9	13	19	37	35	26	11	17	14	18	22	23	29	35	31	33	35	36	28	31	60	56	27	29	31	17	14	11	8	13	21	38	38	38	36	57	48	42	51	31	22	25	24	28	22	24	20	22	18	30	29	36	34	40	35	40	49	43	57	40	41	39	33	38	36	36	26	43	37	36	45	47	38	40	30	32	40	38	49	37	32	48	48	52	47	39	44	52	44	48	41	54	48	42	47	55	47	44	69	86	73	56	73	75	85	90	63	53	36	15	16	12	9	6	8	10	7	4	12	6	10	8	10
44	35	32	28	34	26	17	9	8	23	27	37	25	39	42	40	17	14	13	8	9	10	19	14	25	17	10	10	19	35	25	26	16	20	14	15	19	32	33	28	43	41	46	42	33	45	38	41	37	31	30	14	11	15	8	14	11	21	20	40	49	42	44	36	42	37	41	33	35	42	30	35	29	26	39	15	38	37	33	37	41	33	31	40	41	39	51	42	41	44	45	28	21	23	36	41	42	35	32	34	52	26	35	32	32	38	46	40	42	46	52	36	67	50	48	41	52	41	45	41	48	55	53	38	65	78	99	102	114	88	116	119	91	96	49	16	22	11	8	9	10	8	6	8	18	11	13	9	15	15
32	31	30	34	25	19	13	12	19	28	30	30	35	32	31	14	15	5	13	19	19	15	19	36	23	16	17	11	25	38	32	18	13	17	17	16	33	37	33	40	41	35	44	41	30	32	47	42	35	35	30	25	19	22	23	23	14	15	21	41	30	33	44	49	40	28	43	41	38	40	49	29	28	32	28	46	30	40	46	42	42	46	37	40	33	49	45	35	46	52	32	24	17	24	42	46	40	52	36	26	28	27	33	47	32	41	43	43	52	45	47	48	52	40	51	42	44	53	38	58	41	47	63	71	79	107	154	147	153	159	158	155	161	102	63	38	16	14	19	15	9	7	13	14	10	13	7	9	8	8
34	22	47	32	29	17	16	28	31	33	33	39	36	31	25	21	13	14	11	12	32	49	36	26	24	22	18	19	22	34	27	14	13	11	8	28	33	42	40	34	31	41	39	46	38	42	35	48	43	40	24	30	28	33	29	28	8	22	14	29	35	36	45	35	44	43	43	40	57	40	34	31	36	47	42	28	27	33	30	55	41	37	42	43	55	36	53	50	61	36	45	21	14	15	45	38	47	50	34	36	27	38	46	47	36	33	43	47	40	46	49	49	66	36	31	43	38	52	42	44	36	51	79	68	85	145	177	175	188	173	173	147	143	109	72	44	29	22	21	12	12	5	11	14	8	9	10	6	3	6
30	38	41	39	34	20	17	34	24	38	36	39	42	29	20	14	12	6	18	23	26	39	35	37	40	25	34	22	34	35	23	21	13	15	27	37	45	37	41	52	30	46	38	46	38	36	36	43	32	39	25	36	35	32	29	25	22	20	31	37	48	52	53	51	28	48	38	53	39	49	30	34	35	27	36	31	22	28	47	38	36	44	43	36	45	51	44	49	41	51	38	16	27	34	34	46	51	39	43	35	38	36	38	38	56	49	36	40	43	39	45	65	50	37	48	41	45	58	37	40	41	42	68	65	103	133	158	174	214	182	171	161	122	114	81	56	56	22	20	17	17	11	6	4	11	3	12	6	16	12
25	31	39	45	21	37	29	28	42	34	38	38	35	26	28	17	8	18	28	37	35	34	47	37	42	45	28	37	49	28	26	13	16	22	31	29	34	45	44	44	38	44	38	37	42	37	39	29	34	30	28	34	43	35	23	24	34	30	31	28	37	53	45	43	43	54	40	42	39	43	46	31	36	31	33	30	22	23	41	40	47	30	48	40	42	50	45	41	44	37	37	42	30	29	41	50	55	35	34	36	46	42	38	61	46	38	43	41	43	51	57	55	47	38	55	54	47	41	29	39	41	40	53	58	76	105	136	152	155	191	157	153	115	139	112	69	45	28	19	13	14	8	13	10	7	8	9	10	15	14
26	41	40	36	41	35	28	54	35	49	35	35	36	34	34	24	22	19	39	48	32	45	26	35	37	41	33	42	45	46	26	21	19	29	40	43	38	47	33	45	47	51	47	48	35	35	47	39	34	36	38	38	50	26	32	22	25	33	38	35	44	39	40	33	34	55	46	43	37	37	44	37	35	47	32	22	10	23	26	36	50	34	35	35	46	53	44	48	45	43	35	43	37	40	47	42	39	51	40	48	32	39	41	40	47	46	31	45	48	45	45	46	50	48	46	37	53	44	29	34	50	53	37	50	76	91	98	142	138	133	124	144	143	162	112	84	48	32	13	10	9	5	10	15	7	8	6	14	8	12
20	12	22	34	47	58	41	41	39	38	43	38	39	33	25	25	32	41	32	26	29	38	37	38	40	42	43	32	34	27	28	34	42	33	44	41	45	54	44	37	46	41	41	29	38	46	45	30	28	41	33	35	34	39	38	25	26	38	31	49	42	40	26	31	30	43	44	42	48	42	54	44	42	35	20	26	20	19	31	36	48	38	41	42	47	32	52	38	43	27	37	45	39	56	52	45	40	45	43	34	33	41	43	37	49	37	43	47	57	33	46	37	60	39	41	48	56	45	27	51	45	43	34	37	60	101	108	95	112	94	114	159	146	178	119	87	51	38	13	7	5	10	11	6	10	10	8	11	16	20
14	17	23	44	26	43	41	38	50	36	44	47	42	38	25	26	32	36	32	32	43	42	29	49	39	45	43	41	38	38	28	32	36	41	53	42	40	51	27	46	37	48	41	37	38	36	46	37	38	51	40	42	45	42	32	27	37	47	34	48	42	28	26	31	38	41	41	50	39	46	51	42	39	20	21	12	24	29	38	52	53	48	47	50	51	59	53	46	35	39	35	46	47	35	41	43	37	41	24	33	23	45	38	32	58	34	41	59	48	42	53	58	50	48	55	56	49	38	28	34	44	58	43	31	57	83	90	118	104	90	127	163	170	156	127	104	60	25	10	9	13	13	14	10	5	5	4	16	13	23
16	16	22	37	37	39	44	38	39	45	47	40	38	39	27	37	38	33	29	34	31	28	30	38	28	39	34	31	33	48	36	27	30	50	51	35	40	31	31	55	34	26	41	34	36	48	35	28	41	48	43	54	52	38	36	29	42	32	47	40	33	26	35	18	45	47	50	52	43	46	32	36	34	36	30	36	32	37	41	38	40	52	44	48	39	45	45	42	43	41	43	41	29	29	36	39	39	45	31	34	46	29	38	47	42	40	49	46	48	45	53	51	47	47	41	64	58	33	33	38	47	31	40	45	35	70	108	115	100	100	142	164	156	154	113	89	38	18	17	15	15	8	9	7	10	8	6	10	15	16
20	18	31	46	50	41	45	50	35	37	40	34	32	35	27	30	34	35	23	18	7	17	27	34	35	39	35	33	28	31	31	38	43	51	38	47	42	34	46	49	50	33	44	43	34	58	52	32	32	50	46	55	37	35	25	42	34	38	27	36	28	22	40	46	45	40	45	34	43	46	54	36	37	36	38	41	41	44	42	36	42	45	53	38	34	46	56	38	40	37	47	46	35	35	26	29	39	33	35	39	28	48	55	37	37	37	57	57	52	48	48	51	50	53	57	62	44	21	16	22	34	40	24	33	35	41	95	76	76	103	117	104	130	118	117	74	26	16	14	14	14	18	6	9	13	14	12	7	14	17
25	37	55	29	33	42	42	45	48	44	57	50	47	37	39	41	29	28	23	14	15	22	37	44	44	44	24	24	39	30	39	31	43	49	47	56	44	43	51	41	39	43	50	39	34	35	45	46	41	40	40	40	51	45	43	36	38	37	42	28	26	23	48	32	46	44	48	39	51	37	45	48	45	43	38	44	36	45	43	38	46	47	54	39	41	46	41	45	46	42	55	34	48	45	37	32	31	39	45	34	32	34	51	61	43	53	49	45	42	61	44	50	58	62	45	64	36	19	15	15	27	15	16	33	39	32	49	67	67	71	75	66	67	68	71	45	17	10	8	7	9	10	16	7	13	13	12	11	11	20
29	25	52	35	41	40	40	38	49	44	37	43	46	51	35	32	36	24	18	13	16	26	31	38	40	34	23	34	29	30	27	27	34	36	41	48	42	42	59	44	47	39	52	48	33	45	28	41	45	40	42	48	34	46	43	42	48	29	34	40	26	38	35	46	43	44	46	33	50	39	33	52	46	47	41	47	37	54	37	34	36	48	46	43	45	45	43	47	35	37	45	41	50	42	36	33	33	44	41	46	42	44	35	50	41	44	51	59	50	54	36	37	45	67	50	53	28	21	17	15	21	20	23	24	19	32	28	42	43	59	41	47	54	32	28	23	11	6	15	8	11	5	10	13	12	17	11	10	12	14
42	32	39	49	42	39	37	47	53	54	42	36	41	42	36	39	30	25	21	14	16	32	34	43	45	22	29	36	22	31	27	20	27	41	46	46	54	47	43	38	47	35	39	33	43	46	38	47	41	51	40	38	56	45	45	41	46	49	44	43	45	42	38	34	47	43	43	38	50	44	41	55	52	40	44	46	42	52	35	32	26	38	47	39	36	52	41	61	45	42	42	45	42	39	36	47	29	27	48	43	48	42	52	41	55	47	52	40	41	38	40	39	44	60	50	43	29	32	24	13	7	12	28	10	20	14	20	29	27	23	19	23	31	22	16	12	12	4	14	7	13	9	4	8	10	8	8	14	11	19
40	40	37	51	44	38	43	38	39	56	35	45	30	39	43	37	43	32	18	9	11	17	28	36	44	32	40	40	38	33	28	25	19	33	34	39	32	39	39	46	53	24	36	38	44	43	49	47	47	45	48	48	47	43	40	50	33	52	39	47	43	46	40	46	42	32	34	46	48	51	52	41	50	44	54	46	38	50	45	29	40	34	43	49	37	51	44	41	42	37	43	51	31	47	43	45	46	40	40	32	37	37	49	52	55	45	48	46	53	36	40	46	39	48	54	62	42	44	27	8	7	13	8	13	15	22	23	22	14	20	27	21	27	24	17	22	13	12	12	15	11	8	19	11	5	7	9	9	7	14
50	32	54	36	43	36	50	60	43	39	32	33	49	40	36	34	41	21	31	21	17	32	23	28	44	41	52	45	45	44	25	23	24	36	48	37	50	44	41	46	40	28	35	44	49	48	37	44	44	51	50	43	57	37	48	43	56	49	51	36	53	51	30	51	36	42	56	45	53	39	45	47	47	41	42	51	37	48	47	44	50	44	47	48	40	56	54	35	39	37	42	47	48	28	55	49	37	37	31	34	42	39	40	42	53	53	35	42	49	45	39	45	47	50	51	50	42	41	52	25	10	9	14	19	33	47	22	18	13	13	13	36	26	15	15	15	12	10	8	13	8	9	17	7	11	12	9	12	16	25
28	39	36	42	34	38	50	37	41	40	44	33	40	29	51	44	51	20	23	21	19	27	31	38	44	30	39	37	45	36	31	30	50	44	49	35	48	35	48	41	37	39	40	50	49	29	40	30	40	34	45	40	48	39	44	41	44	54	38	38	58	60	48	44	40	33	51	45	37	42	49	46	36	42	52	37	45	49	56	47	45	37	41	40	43	41	51	39	50	54	32	39	57	41	39	37	30	36	37	48	37	44	41	39	45	44	52	41	45	51	38	33	53	44	42	44	61	52	60	39	10	6	20	36	47	47	20	12	6	13	12	12	24	18	16	15	17	9	12	10	8	13	14	10	8	16	14	13	14	10
21	28	28	44	46	45	47	32	52	49	37	43	44	47	35	33	30	30	35	17	28	33	42	29	41	31	42	50	48	45	36	25	33	44	33	49	40	35	42	43	42	50	35	36	36	38	44	31	27	37	43	35	43	34	50	41	43	43	51	35	39	43	30	40	36	43	54	38	42	26	46	40	45	53	32	38	48	41	35	43	43	37	39	51	50	41	43	35	49	33	46	45	46	46	37	42	32	32	27	29	38	28	37	40	51	53	35	39	53	47	31	33	38	47	58	45	45	58	61	47	31	15	28	61	50	30	13	20	11	11	17	11	13	5	14	10	13	12	14	7	7	5	7	6	8	9	12	11	14	20
16	20	33	31	42	41	39	41	49	40	34	39	40	43	31	37	31	36	32	30	27	33	34	43	47	49	44	46	44	38	44	35	36	34	42	45	46	36	40	58	43	43	43	40	44	29	24	32	13	31	34	42	44	49	45	42	50	56	51	48	48	42	48	37	34	46	42	40	51	43	53	39	31	43	41	44	44	45	44	40	49	43	39	48	46	40	38	41	45	48	36	42	45	35	27	25	41	27	18	25	26	26	29	51	52	43	51	47	53	32	23	20	35	42	54	50	41	59	55	53	41	43	59	68	56	28	16	14	9	11	11	21	12	10	15	2	9	8	5	10	11	12	11	4	8	15	18	12	19	20
25	15	29	30	44	43	51	35	43	42	45	42	36	40	45	32	37	41	35	32	27	29	40	44	45	44	46	55	40	51	37	36	27	28	29	32	40	47	38	47	43	41	32	30	40	25	17	11	26	26	30	35	41	39	42	39	51	39	31	37	47	38	43	27	40	50	52	50	43	36	40	41	43	44	33	30	47	47	33	32	43	44	33	50	38	50	55	45	35	38	35	42	37	30	51	41	44	17	23	30	45	42	42	48	51	53	56	62	30	34	24	23	30	45	34	47	51	66	45	54	37	57	65	64	36	34	13	7	4	11	7	10	11	17	10	12	7	11	8	5	11	12	8	12	9	18	20	18	10	14
39	33	38	39	43	41	39	47	40	30	46	44	45	40	45	47	32	35	35	26	30	48	43	58	42	27	38	32	37	47	33	41	23	20	27	35	37	45	38	42	41	33	41	38	22	25	27	20	22	34	39	47	51	49	31	39	41	36	40	40	49	43	54	46	33	46	41	55	41	43	34	51	38	43	48	49	61	40	38	38	36	34	40	39	40	34	36	50	35	39	41	35	48	42	60	41	47	30	29	42	34	36	44	50	35	58	50	50	50	35	20	20	27	28	39	48	62	43	54	52	57	59	65	56	40	18	8	9	5	10	7	14	8	10	9	12	4	13	7	4	11	6	6	8	8	15	17	13	12	17
32	41	37	39	41	24	28	29	39	43	38	43	46	48	41	49	37	31	31	38	28	44	50	38	35	52	28	48	29	39	32	21	20	15	25	28	37	32	46	28	44	34	35	39	15	23	23	26	34	35	42	42	43	41	37	31	37	39	40	38	36	44	41	40	41	51	51	41	46	54	42	37	51	36	29	42	42	43	38	42	39	30	39	32	53	47	35	40	41	41	40	44	42	44	29	49	41	32	23	45	36	47	56	52	40	42	50	67	46	23	15	10	19	35	34	35	37	58	54	51	59	81	66	49	21	14	6	6	5	7	7	10	15	21	7	14	9	10	8	6	8	5	7	9	14	14	18	14	11	20
34	33	38	32	38	29	35	21	39	36	38	39	32	42	37	40	27	38	37	40	41	40	33	39	41	37	41	50	38	42	31	34	19	16	28	37	35	33	34	33	39	41	45	38	40	35	30	36	29	33	40	46	40	35	46	40	52	36	46	42	42	38	35	43	38	39	38	39	40	45	46	35	40	45	23	26	23	35	35	30	35	33	42	46	42	42	47	45	35	41	45	42	40	54	46	41	46	25	24	39	40	39	33	40	52	38	58	50	38	25	18	18	17	26	34	43	45	43	44	66	48	74	54	50	16	8	7	15	13	12	12	13	9	17	16	4	9	8	2	3	7	15	11	4	16	11	21	13	17	23
18	35	35	30	23	22	28	34	49	35	42	34	43	36	46	41	42	26	26	37	39	35	34	29	33	32	43	50	37	38	33	36	39	32	38	29	21	23	11	29	43	46	44	30	39	51	39	41	45	33	28	42	44	41	40	47	42	55	42	39	36	29	27	32	37	38	40	40	41	48	50	44	35	17	17	16	32	25	33	41	45	34	43	49	35	44	42	53	45	41	38	32	43	41	32	47	42	31	30	32	47	33	49	52	47	64	47	49	39	33	38	36	27	24	25	29	31	51	39	54	59	56	67	34	19	10	7	7	9	9	11	8	7	8	7	9	11	6	10	7	5	16	8	12	8	16	21	16	26	26
31	27	37	22	21	29	35	38	22	32	37	36	30	51	30	48	36	41	18	35	34	43	38	28	36	40	36	39	47	55	33	30	34	38	32	32	25	16	26	25	29	39	42	46	40	34	48	45	40	53	35	40	39	28	34	30	41	61	43	34	34	29	26	41	30	33	46	48	40	32	40	26	22	13	10	20	21	25	39	42	37	40	38	46	35	45	38	48	57	39	32	32	51	44	50	39	47	41	34	34	50	41	34	56	49	44	49	41	34	48	45	45	39	33	26	38	39	47	51	53	52	72	46	26	15	5	6	9	9	9	6	7	6	4	9	5	10	9	9	6	10	5	16	14	11	15	18	20	28	32
32	20	32	20	23	30	37	42	35	43	27	35	47	43	49	44	40	29	26	42	41	41	35	46	41	46	38	36	34	34	44	50	33	39	41	24	29	34	30	21	35	47	42	45	53	40	50	50	40	42	41	42	46	45	35	29	48	44	36	46	36	25	22	44	47	42	56	43	46	32	25	19	24	19	22	22	19	44	45	42	34	44	35	41	42	49	44	42	31	41	26	45	46	42	34	36	32	31	30	38	24	41	37	46	43	52	43	45	46	42	45	36	50	32	27	28	38	36	51	63	69	85	39	21	13	13	14	10	4	12	7	7	7	10	8	12	11	7	2	3	11	12	10	10	7	18	21	27	25	39
38	30	28	32	30	44	39	41	37	37	47	47	47	41	41	44	44	38	35	36	42	42	32	32	45	52	38	28	21	35	51	37	29	41	30	34	35	36	29	37	30	34	45	57	44	56	54	40	54	42	47	41	40	40	31	46	44	49	40	51	37	35	40	39	33	36	39	41	28	26	21	26	31	36	31	41	52	43	38	49	35	50	34	46	45	32	41	41	37	37	31	43	33	26	39	14	27	31	24	30	19	35	40	50	40	42	37	51	53	43	49	44	48	30	21	31	41	56	40	71	62	57	36	12	15	18	8	17	11	5	7	13	8	9	10	17	17	8	10	6	5	5	19	18	13	18	19	26	30	37
30	46	36	34	39	41	42	29	43	32	48	46	35	45	50	38	49	56	41	35	37	44	47	36	43	48	36	47	43	38	38	38	36	36	42	42	50	39	48	48	33	41	43	50	36	50	45	41	37	38	57	27	24	22	28	39	41	45	41	51	37	41	48	39	36	28	31	30	34	32	23	49	27	31	41	25	48	45	53	43	45	45	44	46	39	46	47	49	40	22	27	34	47	44	28	19	23	35	23	19	25	43	39	51	55	54	33	51	36	44	60	49	37	32	31	21	19	43	36	56	88	47	27	15	16	14	13	12	8	7	5	9	8	11	12	13	11	12	7	9	16	12	20	25	22	23	23	23	32	40
29	30	42	28	36	31	44	41	27	45	39	48	45	53	44	46	41	39	31	40	49	41	41	40	48	39	35	43	42	44	53	40	38	46	41	40	58	45	43	42	45	39	39	37	50	38	43	44	50	33	40	29	31	12	39	41	44	37	44	44	40	41	31	25	30	33	28	25	38	34	36	33	51	38	44	35	45	40	50	40	42	49	49	43	55	44	43	51	36	31	38	36	37	46	32	22	20	24	27	29	46	37	28	49	44	49	55	40	58	59	48	42	47	37	34	30	33	42	53	49	50	40	23	1	12	13	3	11	5	7	6	6	5	10	13	14	17	13	9	12	12	9	13	13	12	17	23	31	41	47
32	29	37	29	40	36	42	34	49	30	49	52	47	53	50	42	47	42	33	39	45	41	36	39	33	44	37	35	38	31	32	41	47	42	36	48	42	55	41	44	49	44	45	56	43	45	34	40	53	45	27	29	18	14	35	46	30	41	45	41	36	41	36	19	20	16	27	44	45	39	34	49	46	44	42	37	47	50	42	45	43	46	46	44	43	48	42	28	44	32	39	37	41	37	36	36	44	22	34	31	35	40	47	55	56	49	49	52	48	52	48	54	51	51	40	41	47	53	60	55	71	38	19	16	17	12	10	13	5	18	13	13	5	8	17	12	6	7	13	7	12	12	16	26	13	22	14	37	52	59
25	39	37	47	30	28	28	25	41	35	33	37	27	40	48	39	44	43	54	43	41	35	36	30	60	42	45	39	39	38	37	38	39	48	40	42	50	55	54	58	40	43	41	36	41	50	37	44	54	47	29	27	31	24	48	41	29	44	46	49	45	44	38	26	20	27	36	44	46	39	49	35	38	37	52	46	56	45	45	46	46	41	43	37	45	49	49	34	53	43	52	38	34	37	36	41	48	41	29	38	45	37	48	59	47	41	32	27	48	47	40	35	54	38	45	56	47	67	67	48	53	34	20	13	20	18	7	16	7	9	9	9	10	7	6	6	7	2	10	5	13	9	18	19	17	16	17	53	43	58
43	47	52	40	26	22	29	37	34	35	37	52	29	48	42	39	46	45	39	35	47	36	28	47	46	43	39	34	42	33	31	45	45	46	47	52	47	40	41	40	58	42	45	48	59	47	43	52	44	46	41	37	38	38	47	39	42	44	47	57	54	48	30	27	30	26	30	27	37	41	40	46	37	42	38	42	49	39	55	47	42	44	35	49	43	41	40	42	43	46	52	41	42	38	46	39	30	35	44	43	48	29	40	41	58	41	32	32	45	51	44	52	58	47	43	39	46	48	50	54	55	24	14	15	17	14	7	9	8	6	7	8	6	11	7	6	7	11	16	15	13	18	16	15	15	19	19	37	63	55
44	36	36	28	29	29	40	35	34	40	50	43	47	40	44	48	29	55	38	50	38	39	52	52	56	45	49	37	43	44	31	49	46	45	37	46	44	40	37	30	39	49	40	52	44	35	38	46	40	44	36	33	39	39	39	42	43	42	33	36	44	41	35	31	36	45	35	48	43	45	37	49	42	35	37	41	51	39	58	41	36	49	39	51	40	34	35	47	41	52	39	31	32	34	48	35	45	52	40	43	27	37	43	48	51	25	32	33	26	50	39	38	56	40	45	47	40	54	64	53	33	20	21	19	17	10	8	10	5	7	7	9	5	10	12	11	11	11	9	8	11	12	14	25	19	22	32	55	60	54
35	37	32	28	36	35	50	31	36	33	35	43	39	43	49	50	45	49	51	46	38	39	41	46	50	33	45	32	43	40	31	42	42	42	42	44	45	39	47	54	43	39	44	33	37	47	45	32	35	43	37	39	44	41	41	39	47	46	40	44	46	40	23	41	43	37	42	48	41	44	41	36	44	46	38	44	41	31	46	46	43	39	40	45	51	41	45	49	47	53	52	39	27	33	41	39	36	44	49	27	40	44	56	56	62	33	27	26	33	47	51	46	37	34	44	59	49	57	59	45	49	29	18	23	14	12	20	9	5	3	4	6	9	15	10	9	17	22	8	9	9	15	11	12	16	31	45	51	72	69
38	36	25	41	38	41	34	36	53	46	38	32	44	38	44	49	30	48	43	58	50	38	47	46	53	47	36	37	25	31	51	39	50	42	50	47	45	44	41	42	28	34	25	18	32	50	26	47	29	46	36	46	43	36	44	41	37	43	34	43	36	29	32	27	43	36	53	33	46	37	51	28	23	42	37	36	49	41	44	42	41	41	38	34	44	51	43	50	40	36	39	41	42	36	51	44	37	39	24	28	34	38	49	57	54	51	50	36	20	25	40	50	40	41	65	45	62	45	66	58	71	39	28	14	10	12	12	8	4	2	7	7	8	13	14	12	12	8	8	8	6	10	13	11	22	24	38	61	67	74
34	41	29	31	27	33	56	44	41	37	43	42	39	35	38	50	45	44	41	49	36	44	52	47	43	45	36	36	38	43	42	45	49	28	46	48	53	33	32	19	16	18	12	20	31	31	38	52	46	43	44	39	47	28	25	30	37	39	44	46	34	42	36	35	47	48	43	50	31	34	44	30	36	23	32	31	31	35	42	39	40	43	53	48	34	29	37	39	53	47	40	44	47	40	51	41	34	33	28	35	47	44	46	44	53	64	64	52	28	14	25	39	52	47	61	57	60	67	60	70	70	55	14	15	9	14	2	8	8	6	12	5	9	12	13	17	14	12	7	4	12	10	15	18	21	33	39	72	58	78
36	29	42	35	45	50	35	33	36	42	49	50	40	38	32	41	55	43	42	41	38	43	41	51	50	46	44	39	40	35	46	38	44	47	50	39	53	45	26	19	9	12	8	24	29	43	39	40	40	45	40	41	26	19	17	29	47	33	40	45	45	38	25	36	30	43	46	50	40	49	35	23	19	15	31	30	31	27	37	53	42	45	41	41	33	44	29	42	37	41	46	36	41	40	38	42	40	43	28	24	40	42	50	53	55	46	51	35	18	30	33	41	44	54	48	57	42	56	70	77	58	36	18	12	19	15	5	3	4	5	6	11	10	12	9	11	12	8	7	6	14	13	13	13	15	39	47	62	64	52
29	34	41	30	42	37	49	35	37	49	45	35	28	47	52	45	38	43	38	33	41	48	54	46	45	36	43	37	38	34	46	36	40	37	45	40	39	29	39	14	14	10	6	16	30	29	35	43	47	46	41	34	19	18	25	30	35	37	39	43	41	35	29	36	48	52	37	43	45	32	26	16	15	19	21	32	32	28	33	33	21	22	29	22	19	26	27	21	25	47	42	32	38	38	37	49	50	52	37	35	50	48	38	43	64	49	51	38	29	35	53	48	49	48	47	37	55	47	64	70	43	34	10	8	9	4	7	4	7	9	5	15	7	6	10	11	11	10	12	8	11	12	17	11	26	46	55	63	45	55
41	35	25	28	40	36	42	32	33	42	36	44	36	51	43	41	47	41	31	47	43	31	47	44	37	44	29	33	45	35	46	44	36	43	43	40	34	29	19	8	3	5	6	16	15	52	40	49	53	42	28	26	17	18	21	31	31	33	50	41	48	41	40	43	45	46	40	45	52	39	21	20	17	29	25	29	21	24	25	16	17	17	10	14	19	28	24	36	40	43	47	46	47	39	50	40	43	41	45	43	48	50	45	24	54	41	49	29	42	52	60	46	46	44	56	43	52	53	48	51	31	24	12	9	5	8	12	6	6	10	5	12	8	10	8	8	9	5	15	12	12	13	24	28	29	37	61	68	57	55
38	25	24	34	33	34	33	27	29	51	53	42	39	42	45	51	36	36	42	46	45	49	39	31	32	45	52	50	36	48	49	37	56	37	42	28	32	23	10	10	6	8	10	14	31	44	42	50	47	38	27	22	18	16	14	19	42	38	52	37	40	34	41	42	37	59	26	36	39	36	23	14	22	35	33	38	20	10	21	14	12	8	11	9	16	18	39	37	60	36	45	52	49	49	43	51	44	57	37	53	46	49	43	47	42	36	46	38	51	39	49	56	41	41	60	49	44	60	64	55	33	24	10	12	11	13	6	12	4	7	8	5	10	5	6	8	10	5	6	11	12	15	11	14	27	32	71	75	70	51
42	35	26	34	31	41	32	37	42	46	44	32	41	46	55	55	47	35	40	48	47	40	47	35	31	26	35	37	38	40	39	39	46	25	25	16	19	14	7	6	6	7	6	22	23	40	51	45	36	35	42	27	25	34	33	39	49	41	27	39	45	50	36	35	34	37	38	36	39	31	15	21	29	38	27	24	21	23	6	11	6	8	10	14	21	19	35	31	37	53	31	40	47	33	47	51	48	42	46	56	50	65	59	57	49	32	48	45	47	43	54	52	37	60	52	48	51	54	62	58	31	16	6	11	10	9	10	10	9	5	4	5	9	4	7	3	7	14	9	8	19	14	16	17	20	40	55	79	48	57
46	39	52	37	33	35	35	37	35	38	35	52	50	58	36	41	43	38	44	35	54	57	36	33	19	25	25	31	36	38	26	39	41	29	21	14	11	10	8	2	6	10	15	19	30	29	30	30	51	42	49	38	37	32	37	33	43	40	40	47	44	39	43	45	38	63	35	53	17	23	17	14	25	41	36	30	23	21	20	9	5	7	8	7	18	33	36	41	41	53	35	50	29	58	40	36	36	50	54	45	41	56	55	73	58	56	49	44	44	46	42	40	43	54	64	55	61	62	57	32	19	15	6	8	8	10	14	13	9	2	8	4	4	6	11	14	13	8	15	14	12	11	15	17	20	28	52	56	66	65
44	38	44	35	42	30	36	44	42	34	48	42	49	36	32	37	43	50	53	43	43	43	30	41	28	18	25	40	45	37	30	62	44	20	14	8	11	6	11	3	12	16	27	25	29	29	39	33	35	42	38	39	55	46	35	50	35	38	43	42	47	46	53	55	46	37	39	30	16	14	11	18	29	34	29	26	37	19	11	5	6	9	8	15	25	37	34	45	38	40	38	36	47	36	35	40	46	32	43	51	58	54	50	65	72	57	45	54	54	59	59	34	51	39	50	59	67	73	42	25	28	23	16	7	8	8	9	9	11	7	4	3	8	7	9	15	14	12	14	12	13	13	13	9	23	32	40	63	62	44
64	40	43	47	22	39	31	37	56	36	47	37	52	55	60	38	52	42	57	44	49	46	48	30	28	18	20	26	32	46	44	41	30	25	15	11	4	8	6	1	10	14	18	22	34	37	38	19	46	36	45	41	46	44	58	55	48	45	37	50	35	32	38	45	29	39	21	23	19	12	8	7	18	18	24	37	20	8	8	6	6	7	11	14	26	32	32	40	41	53	48	44	30	23	31	24	42	33	39	60	48	54	65	74	65	45	53	49	55	49	50	53	41	43	55	52	63	50	34	26	14	15	11	13	7	5	7	10	7	6	5	6	9	9	10	6	9	8	14	9	11	20	12	12	17	39	44	58	59	37
42	40	50	34	47	38	41	43	45	40	49	31	49	46	45	35	45	37	51	34	38	36	37	29	20	15	23	24	32	33	33	29	37	30	22	5	16	9	7	13	6	20	22	23	36	30	26	39	41	44	45	52	33	47	44	51	53	41	33	34	27	24	36	35	49	40	22	13	11	11	13	14	12	14	27	16	14	4	11	9	2	5	10	17	23	51	43	43	43	33	32	48	34	29	17	24	24	34	47	42	50	46	65	66	64	44	62	48	49	53	58	37	49	51	65	75	81	63	39	19	22	7	7	10	7	4	4	11	8	4	14	8	15	10	17	11	9	7	7	13	13	10	19	22	9	24	43	41	44	31
45	53	45	43	52	47	45	39	45	40	47	30	36	42	40	38	35	40	52	46	38	39	36	31	24	19	20	35	38	40	44	46	52	35	29	14	9	10	8	14	27	22	13	23	34	29	32	31	39	42	40	37	47	48	40	47	35	48	46	44	39	29	30	41	37	27	21	9	5	8	10	14	11	17	23	27	16	9	9	5	7	4	10	11	14	30	42	37	45	52	36	37	28	24	18	22	20	39	47	47	47	50	32	54	54	57	42	46	40	51	53	50	46	40	54	51	79	71	36	17	16	9	5	7	3	4	8	4	11	3	10	20	11	5	11	5	6	6	13	12	14	11	17	18	28	37	42	37	40	47
49	39	48	46	51	49	34	50	44	36	46	50	45	50	49	45	39	54	34	41	37	40	42	35	24	26	30	29	39	39	39	35	45	29	29	13	14	23	16	24	30	34	23	33	50	36	43	43	38	46	61	40	42	41	48	50	46	45	41	35	33	35	47	35	43	25	25	10	12	8	19	16	15	19	21	19	11	10	13	5	5	5	5	15	16	29	36	37	35	53	50	48	32	29	30	17	29	27	50	52	51	58	47	57	50	55	60	46	58	44	49	59	49	62	72	61	81	53	35	12	8	12	9	6	5	7	3	4	4	6	11	9	5	17	5	10	8	5	11	13	19	19	28	20	34	30	33	42	42	44
51	48	38	48	41	41	49	47	37	51	50	45	48	38	35	37	37	37	42	48	51	49	38	28	28	22	38	35	37	30	42	36	34	35	31	15	20	28	23	33	36	37	35	44	52	44	39	52	47	42	47	49	33	49	48	47	38	36	30	36	37	45	40	50	38	17	18	21	17	20	19	17	22	46	42	27	8	7	2	5	2	2	10	7	22	31	35	43	34	29	35	48	41	27	24	23	28	40	35	43	49	39	43	48	43	52	47	52	56	51	58	46	47	50	58	63	86	53	44	18	12	9	13	9	14	2	6	7	5	5	9	13	8	17	15	10	4	12	14	16	13	20	19	22	33	35	31	32	33	35
38	48	47	42	46	37	53	56	42	47	44	43	44	42	52	41	40	48	26	35	60	39	36	28	40	30	48	37	37	36	34	40	36	28	23	12	33	34	48	34	30	40	34	29	36	41	48	44	30	29	48	38	36	48	42	40	38	51	31	31	39	41	35	38	32	25	21	5	18	20	28	25	25	33	26	16	7	11	4	4	3	3	6	17	21	40	37	32	39	41	43	40	39	27	15	27	40	38	47	51	48	49	50	58	47	39	35	50	44	46	44	44	49	44	42	60	76	57	28	16	9	9	12	9	6	9	6	7	9	8	13	11	9	12	8	6	16	12	16	19	12	11	26	24	21	32	39	29	38	31
57	34	49	33	49	45	35	43	44	50	33	33	44	39	48	44	46	48	32	42	38	41	27	37	28	40	40	52	53	32	38	36	40	39	29	39	40	34	42	37	25	47	45	53	41	61	36	33	34	38	38	40	55	41	44	43	37	38	35	30	40	51	39	34	33	28	24	22	30	41	25	33	42	32	26	20	16	7	7	6	7	3	9	14	35	43	39	33	28	30	34	48	52	36	35	31	42	30	35	47	37	43	59	56	49	54	40	62	59	43	43	49	41	48	58	67	70	64	41	14	9	11	13	7	5	1	14	6	11	12	14	8	10	6	8	9	8	9	15	18	14	19	30	24	23	26	37	20	35	65
39	51	42	48	43	34	52	41	37	52	42	49	32	56	45	40	41	38	27	31	28	37	36	26	41	39	43	20	32	29	38	45	33	25	34	38	56	52	47	41	42	46	33	38	53	45	35	45	57	36	47	41	46	46	41	38	35	33	29	49	40	39	32	38	31	22	23	33	36	32	28	40	48	32	35	26	17	17	8	11	5	7	4	18	35	38	43	33	28	33	38	51	46	41	28	30	46	42	49	45	39	31	51	53	52	54	52	40	57	38	43	39	47	48	46	50	69	58	15	9	8	6	5	9	4	11	13	7	1	8	11	5	2	6	6	12	10	13	16	27	8	18	18	19	34	38	24	21	38	43
40	42	48	38	49	33	48	35	53	42	51	48	47	45	41	38	31	47	26	45	31	34	33	38	41	46	54	36	41	40	40	35	25	30	41	46	29	49	39	41	40	48	40	40	43	35	35	43	46	40	51	60	40	40	55	46	41	39	38	55	45	28	31	24	14	24	33	47	50	33	37	35	37	36	40	27	21	23	23	9	7	3	4	23	34	26	35	43	35	56	48	43	45	52	35	29	27	45	49	45	47	56	40	38	46	37	48	34	50	47	40	56	41	47	47	49	52	45	18	14	11	11	4	10	9	7	7	4	7	9	5	7	9	8	4	15	8	11	17	16	17	17	21	17	23	36	37	37	32	44
35	40	48	51	34	41	46	44	40	49	36	51	56	37	37	59	42	41	40	48	35	35	36	45	53	47	46	47	36	35	29	23	27	36	39	32	54	41	45	59	43	47	43	27	33	27	45	40	54	49	54	44	39	32	49	52	41	41	51	43	42	37	43	40	24	22	35	39	45	43	26	35	32	38	39	40	40	31	25	18	7	6	8	23	29	46	45	57	47	46	48	36	47	51	45	28	36	36	36	34	49	54	47	42	48	46	47	52	35	53	45	64	45	47	44	43	48	30	14	8	7	7	8	11	8	7	10	10	7	15	6	11	6	5	14	9	7	17	11	3	16	18	20	22	33	37	32	19	27	50
36	51	40	49	39	47	48	36	37	40	52	47	36	37	43	55	49	45	48	42	28	38	55	47	41	62	35	62	40	48	42	38	33	27	51	53	37	53	45	48	41	41	29	44	35	34	31	35	39	44	42	55	40	49	48	50	31	44	46	49	53	39	31	43	32	43	38	53	43	37	37	29	37	41	41	40	40	39	22	20	10	10	13	31	35	38	36	44	44	44	52	44	51	45	32	29	41	44	36	48	45	46	42	49	51	41	53	52	55	39	44	44	36	39	45	28	22	12	9	8	6	8	7	3	5	7	5	4	7	11	5	8	10	9	12	7	14	10	10	12	15	30	17	31	24	33	31	32	34	47
45	49	38	41	56	49	53	40	39	29	47	40	42	42	36	50	50	35	45	47	50	40	38	35	55	48	40	49	49	45	30	34	42	36	40	48	37	46	40	57	44	38	33	21	25	38	42	52	42	37	43	53	32	48	43	42	47	51	40	36	51	36	51	44	36	41	47	33	60	29	33	35	37	47	39	48	45	31	41	20	9	11	25	31	60	47	53	50	38	38	36	18	26	32	26	62	37	43	66	57	47	41	41	39	57	40	50	51	43	35	32	43	30	33	28	24	24	16	15	13	9	10	9	7	6	5	12	7	13	8	10	11	13	6	13	13	13	7	9	17	11	21	25	34	26	33	38	29	40	38
36	44	39	59	42	43	35	35	41	48	41	37	34	47	54	37	34	41	37	42	38	38	41	32	42	33	41	32	38	38	28	33	48	39	33	41	40	40	38	46	48	31	24	13	32	23	41	45	55	46	50	38	45	45	39	42	43	48	34	51	37	52	41	56	33	52	45	44	51	38	33	34	32	36	50	34	43	44	23	26	17	30	35	35	39	54	36	36	48	26	23	25	31	29	41	38	51	35	40	50	42	33	40	49	49	52	36	44	48	58	45	53	35	32	22	14	17	10	11	6	4	9	6	9	8	5	7	10	14	7	9	15	8	12	13	10	12	11	16	18	17	26	16	20	33	44	47	56	50	37
66	45	37	38	41	33	42	48	54	47	41	32	32	38	49	51	55	52	39	47	39	28	47	32	41	28	51	47	43	38	45	46	46	49	35	63	36	40	43	45	46	18	21	24	29	45	41	41	42	44	44	46	37	51	48	37	53	60	35	42	45	46	53	52	50	42	42	41	44	32	39	40	43	42	38	52	39	51	39	33	24	30	49	49	45	32	47	37	33	25	25	19	23	27	30	29	42	45	47	46	50	44	41	35	60	44	43	59	36	48	48	49	46	41	23	21	12	13	9	6	12	6	6	7	3	7	12	10	5	11	7	9	5	12	9	12	13	12	21	19	22	23	14	35	30	48	49	44	50	41
50	45	47	41	47	52	33	42	43	41	38	28	50	40	52	47	42	42	41	44	47	32	47	30	38	30	29	38	44	47	36	38	34	43	41	37	43	37	41	51	40	34	11	24	17	40	32	44	40	36	40	43	35	44	42	47	32	36	47	33	57	46	44	39	40	40	48	48	35	58	38	41	36	47	37	44	44	40	31	36	36	39	47	40	51	43	37	34	34	21	23	33	44	27	32	22	38	52	49	48	48	52	53	48	52	46	37	45	60	54	44	50	45	36	34	20	17	11	10	6	6	7	9	10	6	5	9	14	10	13	5	10	8	14	10	13	22	10	16	12	16	13	24	15	34	47	53	40	60	63
48	47	36	36	45	33	50	43	53	34	23	24	42	31	43	47	33	48	51	42	32	41	47	34	26	34	25	23	36	43	50	42	27	44	34	40	47	49	47	45	41	24	21	17	48	51	40	49	44	40	51	46	38	53	43	41	41	44	33	39	57	34	48	39	35	45	55	27	49	43	39	42	33	31	35	42	33	40	46	34	41	57	39	44	50	50	45	22	23	17	42	29	49	40	24	23	34	40	43	57	51	41	34	39	46	43	53	47	49	57	46	42	45	54	40	21	14	14	10	4	10	10	11	6	4	9	6	9	9	3	10	5	8	12	6	10	10	19	15	15	17	14	19	20	32	42	50	44	53	62
36	43	35	39	30	48	60	44	46	33	24	14	34	45	41	53	41	31	51	33	41	35	57	44	42	21	20	38	43	25	34	46	29	33	36	31	37	33	40	31	20	20	20	30	33	48	54	39	63	39	32	49	34	38	42	44	42	55	53	45	50	44	60	47	50	36	33	43	50	46	42	43	47	43	25	33	36	36	49	50	32	44	44	33	48	40	35	38	29	34	38	48	26	41	25	28	39	58	42	49	55	51	45	49	59	49	46	47	55	46	48	53	51	65	35	24	16	10	11	4	7	7	11	7	6	8	6	7	6	6	11	9	7	12	11	12	15	20	21	20	12	15	20	28	30	53	50	60	54	48
51	36	38	48	38	46	39	54	33	39	33	28	20	37	52	49	53	34	33	43	54	37	40	44	21	10	18	34	32	60	31	39	31	35	26	43	41	39	30	38	20	14	27	32	27	46	51	49	41	42	39	39	42	44	37	47	39	53	43	52	46	50	52	52	46	49	42	38	38	39	42	44	31	56	38	22	32	26	41	35	34	49	43	46	39	44	42	36	38	45	30	46	39	28	21	37	33	45	44	45	39	38	42	49	61	49	35	51	56	52	53	58	51	70	40	18	16	8	15	9	8	6	5	6	6	6	4	6	7	5	9	6	8	15	15	15	12	15	18	23	24	20	26	33	35	39	50	54	55	49
49	47	35	28	35	43	45	39	44	45	45	32	28	43	48	39	40	44	40	39	36	24	40	22	13	25	28	34	37	34	58	38	38	32	45	30	47	34	41	26	22	19	22	35	39	41	42	44	46	34	38	43	53	35	40	49	31	47	41	48	48	47	53	36	48	38	37	47	40	29	33	44	46	25	21	20	22	33	32	43	36	36	33	19	41	42	32	24	36	32	31	50	34	38	43	30	36	44	51	44	38	50	45	51	49	40	52	51	59	39	55	67	49	56	37	10	13	11	8	12	10	7	3	4	5	9	3	7	11	5	6	11	8	10	12	16	15	15	18	21	26	20	32	31	37	50	48	43	47	48
49	40	38	35	45	34	53	45	37	50	43	33	35	36	37	49	49	45	58	48	45	42	37	24	16	30	37	47	42	38	41	43	27	30	39	32	46	44	24	15	16	18	27	39	44	48	50	35	43	38	33	39	40	47	43	38	29	35	39	45	47	55	34	53	47	48	45	36	47	43	44	39	39	18	13	12	19	23	30	39	34	38	30	33	33	29	39	18	31	31	33	35	39	30	35	45	44	52	44	33	53	44	53	49	32	42	52	41	63	46	53	64	67	50	28	20	13	16	12	11	7	7	8	2	10	9	4	5	5	5	11	7	9	11	12	17	11	15	6	18	17	23	19	31	42	50	47	28	38	51
38	30	46	36	39	40	48	47	48	49	42	45	34	43	50	53	43	59	52	42	42	29	30	16	22	23	33	33	36	38	42	41	41	32	48	47	44	28	19	14	16	20	39	25	38	45	41	53	40	30	21	31	28	42	41	41	39	33	45	36	29	49	42	53	47	39	45	45	40	38	43	44	37	22	12	10	18	12	25	30	30	30	33	36	34	39	27	35	19	14	29	24	36	26	35	46	52	38	45	30	42	46	43	54	44	50	47	51	47	44	56	58	75	34	26	16	15	20	13	13	14	7	9	7	9	9	7	5	8	4	5	2	5	14	17	15	22	8	12	12	20	20	22	31	41	35	47	27	42	43
36	38	47	44	36	32	49	45	38	47	60	45	32	34	44	40	41	42	43	56	34	38	34	25	34	39	37	33	46	60	35	37	37	52	38	47	32	29	17	11	17	29	40	47	50	44	46	42	44	33	39	33	21	49	43	30	23	26	21	32	37	25	34	39	47	42	36	37	39	47	40	32	20	13	16	11	15	14	26	31	35	35	34	36	47	40	30	18	8	17	20	13	19	28	34	38	47	41	40	36	34	41	44	44	61	48	39	49	48	43	57	63	67	35	19	8	14	15	13	11	13	10	16	13	8	8	3	6	8	5	3	9	10	12	11	8	14	15	12	14	18	27	29	40	45	45	43	49	31	36
36	29	32	37	46	44	41	51	43	41	41	43	35	39	32	43	42	35	41	44	33	32	33	30	40	47	32	54	39	58	40	49	37	32	37	38	32	23	19	23	32	43	28	45	41	43	48	47	39	27	33	23	39	39	39	29	34	34	22	21	21	23	31	45	37	48	52	40	50	47	50	29	26	21	8	22	15	13	23	37	37	45	47	48	55	36	34	10	15	6	12	17	29	36	39	45	46	34	44	37	46	35	45	48	47	39	44	59	47	61	57	52	55	23	15	19	20	18	15	22	15	11	14	15	6	8	8	3	4	10	7	5	8	14	12	10	11	13	20	11	22	11	21	46	49	58	51	36	45	46
33	23	13	21	33	39	44	37	44	31	49	45	59	32	38	38	36	55	47	40	39	44	46	46	38	49	40	43	31	42	33	32	32	43	35	46	23	19	22	28	35	38	41	50	45	58	41	45	41	35	34	15	27	38	26	21	25	22	24	17	23	24	37	35	44	39	42	44	55	47	59	46	20	10	21	19	18	18	36	39	48	54	31	24	31	42	39	32	18	15	13	19	26	38	26	44	44	56	46	44	43	60	54	44	60	38	48	52	44	57	63	62	53	27	17	18	13	16	20	23	12	11	6	8	9	3	3	4	3	9	7	10	5	10	10	14	15	6	14	13	14	19	20	34	69	55	56	35	38	25
26	19	16	23	33	39	43	42	52	38	38	46	49	54	56	41	42	41	47	49	41	46	37	48	40	33	40	38	32	31	22	23	31	48	33	32	15	21	19	18	37	38	45	51	38	37	42	48	37	42	52	35	58	33	42	34	30	25	32	28	33	34	35	45	48	49	41	54	46	43	42	40	19	17	18	19	26	29	34	48	43	44	34	46	35	37	30	41	22	13	14	29	39	44	53	52	43	40	44	41	42	51	45	52	48	55	57	50	58	49	60	40	28	29	27	28	31	26	40	37	26	18	10	10	5	2	7	6	6	6	7	13	11	12	15	16	21	11	18	16	16	23	25	34	47	61	56	49	42	39
9	19	20	16	20	27	51	38	40	45	43	48	42	58	53	40	33	49	40	57	41	37	45	35	41	44	35	38	39	28	25	30	22	15	26	14	23	28	21	38	35	44	35	48	35	44	44	45	47	38	46	49	40	43	31	53	24	37	42	39	31	26	30	43	44	42	53	52	51	41	44	38	30	30	35	17	31	25	36	49	38	38	35	45	52	36	40	27	20	20	19	35	35	42	51	35	46	34	46	35	39	60	57	41	43	46	51	47	56	60	41	48	41	52	38	26	37	36	53	48	31	15	11	9	8	2	6	9	9	3	6	9	8	10	13	16	24	16	12	17	19	17	19	40	55	47	46	31	39	32
20	20	15	22	23	31	48	43	41	46	43	45	33	38	47	44	47	48	53	47	44	46	45	46	36	55	31	39	29	29	22	10	13	6	15	22	24	34	29	34	38	38	41	40	35	42	41	41	43	35	50	43	37	35	34	27	41	33	46	46	41	45	42	29	57	47	39	36	38	41	48	39	42	30	26	38	26	33	38	42	32	47	33	50	42	42	36	23	21	33	31	44	40	34	64	65	35	51	50	57	46	42	51	51	51	56	56	47	55	42	44	54	38	50	50	26	49	79	74	47	25	20	14	11	7	11	4	10	5	7	8	14	9	11	16	12	14	17	23	6	21	20	23	28	46	67	52	42	33	30
18	28	19	11	15	22	32	50	37	41	38	44	36	40	58	37	31	45	45	48	52	27	41	44	41	44	60	37	28	23	14	10	9	8	16	20	36	38	31	36	37	45	35	38	43	34	40	47	39	37	53	67	34	40	38	37	39	43	46	42	37	42	39	46	39	30	37	40	45	36	33	42	51	34	36	42	29	31	41	55	41	38	39	41	42	29	34	33	51	34	37	38	44	46	39	44	42	51	42	51	59	31	54	50	52	47	51	57	56	42	44	47	50	64	35	40	75	81	67	45	20	13	17	7	9	6	8	16	10	2	6	12	9	4	10	16	14	7	12	18	17	25	24	36	41	58	50	37	35	32
14	14	16	22	18	27	29	35	39	36	52	44	40	37	50	48	29	30	31	31	23	41	41	42	28	33	34	34	17	15	12	13	9	15	22	17	34	26	23	28	36	43	39	38	33	39	36	37	50	39	43	47	52	48	41	39	38	40	40	48	43	42	35	26	24	33	43	39	51	44	44	59	44	39	46	41	37	38	32	41	45	39	54	48	33	28	35	49	45	42	43	50	55	45	40	41	38	44	39	50	48	47	48	48	46	48	61	38	38	56	50	43	58	47	38	47	66	86	66	34	18	12	14	7	6	7	6	10	10	5	9	9	10	10	9	11	16	15	14	11	17	15	32	27	52	45	49	41	29	36
31	24	34	24	25	28	20	29	40	35	39	34	35	45	44	46	45	40	19	24	22	27	47	56	34	34	28	25	12	10	8	17	22	22	16	29	18	28	25	38	32	50	49	49	42	44	47	36	43	44	45	50	48	37	35	35	42	48	46	39	30	29	14	31	29	17	32	35	51	42	47	36	51	54	52	49	42	23	34	42	34	35	42	31	28	22	26	42	44	38	52	35	47	58	48	53	47	42	47	49	50	40	44	48	65	45	48	48	49	51	43	40	52	59	37	48	93	87	75	38	20	10	6	6	5	9	9	8	9	5	8	15	11	6	12	14	15	12	17	15	14	31	26	36	42	42	42	44	31	41
34	38	31	38	26	23	24	20	14	34	40	39	43	31	45	31	37	38	33	25	22	30	40	46	45	42	40	22	12	14	18	18	26	30	39	30	26	20	31	28	31	36	50	44	42	38	38	37	40	49	38	38	42	31	30	34	39	39	50	31	34	24	25	21	16	25	21	41	45	51	41	53	42	39	44	46	33	23	16	38	48	35	33	38	25	18	24	40	49	35	40	38	51	34	50	41	43	52	54	52	44	42	44	54	54	65	49	40	49	37	50	35	47	46	43	40	91	84	74	50	27	16	10	8	5	9	7	10	13	6	8	4	11	6	6	12	18	16	14	11	26	25	27	38	45	39	36	30	47	35
54	40	50	40	27	35	29	23	32	37	49	47	41	28	33	38	27	46	43	40	40	43	39	34	41	37	24	20	13	5	13	21	18	48	31	33	15	26	38	36	41	48	35	39	33	49	44	42	33	42	28	37	37	32	27	44	55	49	44	31	35	39	32	10	14	25	32	50	46	44	48	45	39	38	38	40	34	23	16	41	42	42	36	47	38	38	39	42	35	41	47	48	50	38	39	43	40	53	64	55	44	44	37	47	59	48	33	48	50	48	46	42	50	47	49	38	70	89	89	47	25	8	8	4	4	7	7	4	9	6	6	2	8	14	7	9	13	16	16	26	21	27	25	29	51	35	36	42	38	37
47	37	38	36	33	40	23	25	28	30	36	38	46	35	30	23	33	36	44	49	39	40	32	40	40	42	30	20	26	26	27	47	49	38	33	21	45	43	38	33	52	39	34	36	26	24	37	36	36	33	44	40	38	31	42	38	39	53	41	55	47	46	23	15	12	22	34	38	47	53	45	52	51	33	37	35	37	22	37	33	47	49	49	37	35	35	31	45	39	43	35	39	55	49	50	56	51	43	43	38	35	44	64	41	41	45	34	44	52	47	50	46	67	48	40	38	48	68	77	54	22	13	3	10	3	5	5	10	12	10	3	7	7	9	10	9	13	19	19	25	26	29	26	40	47	47	35	34	35	40
54	43	45	53	28	43	30	26	37	39	29	31	37	41	30	28	28	34	46	34	43	40	40	37	29	30	38	31	28	33	35	44	45	43	31	43	33	37	39	42	35	39	46	31	27	38	38	38	41	28	36	29	37	31	51	48	42	41	66	61	49	44	28	22	16	28	39	34	49	37	38	51	41	34	35	25	26	35	38	31	48	42	50	51	40	34	36	44	48	43	34	41	70	62	49	41	37	51	51	65	41	46	50	54	42	28	30	46	58	46	35	42	51	73	37	31	51	67	79	46	25	10	10	6	7	6	4	11	11	12	6	13	9	6	10	18	12	12	14	20	17	24	32	35	38	50	42	33	40	24
50	41	36	42	54	47	38	32	42	34	37	40	32	37	23	31	35	42	59	38	55	33	43	37	43	44	42	49	43	46	26	41	46	39	35	29	26	36	37	36	47	44	29	30	35	33	44	40	32	25	24	26	32	51	51	48	46	49	49	29	35	39	18	21	26	34	39	49	44	44	34	40	42	33	35	33	28	49	47	35	27	34	32	39	32	52	38	36	58	40	40	54	47	52	49	41	52	54	49	55	59	59	41	58	41	40	35	47	60	26	36	39	39	44	23	32	38	50	56	33	13	16	4	5	6	6	5	6	13	9	6	7	10	8	15	12	15	23	22	28	23	24	25	23	47	48	32	45	41	31
43	46	35	33	39	44	39	29	32	43	45	42	33	34	24	35	35	41	41	51	36	45	37	35	32	29	34	33	39	44	36	42	48	51	26	41	29	28	38	25	45	40	30	45	39	33	35	50	37	24	27	35	37	33	41	40	37	39	54	39	33	35	27	28	34	45	41	50	48	37	35	44	33	41	31	23	18	25	39	45	39	18	36	32	45	37	52	47	55	46	45	38	40	55	46	41	48	46	53	46	42	50	45	50	41	41	41	45	45	20	31	26	37	31	25	29	50	78	42	25	13	9	11	8	2	5	8	10	11	10	8	14	11	9	16	17	18	34	20	26	30	24	36	32	44	55	35	32	45	37
37	48	28	40	50	38	36	30	38	34	47	41	34	27	18	42	44	41	40	51	42	38	47	44	54	33	26	57	31	53	41	40	46	33	38	42	46	58	32	26	26	38	44	32	44	38	34	31	38	32	35	42	37	39	52	42	46	53	51	52	46	34	26	34	34	42	43	54	50	53	43	42	28	24	26	18	16	41	33	33	34	33	33	41	31	51	50	49	43	45	36	47	52	53	50	47	49	56	58	39	54	55	46	36	37	18	35	32	24	12	15	21	20	19	38	42	69	70	42	11	12	14	11	9	8	3	9	9	12	11	10	11	14	17	17	13	31	23	30	17	19	30	42	22	36	41	51	38	37	27
39	35	34	51	48	30	33	23	35	34	54	34	41	39	38	44	39	51	48	39	47	54	48	41	39	44	33	40	48	41	37	45	43	44	35	43	48	35	34	20	15	25	30	39	38	39	37	48	43	44	50	46	40	43	37	45	49	36	47	50	41	56	35	45	46	44	47	45	42	53	38	33	24	30	11	14	13	24	23	19	22	29	42	32	47	39	41	49	42	38	45	49	45	48	56	48	52	40	47	46	38	37	47	43	23	38	26	33	19	17	22	17	15	23	35	66	67	65	45	23	11	13	12	8	11	9	7	8	5	7	16	19	8	18	22	29	38	20	22	21	25	29	32	49	36	46	41	35	45	37
44	47	34	35	32	40	31	35	25	32	33	24	46	39	48	35	48	50	46	44	38	38	39	42	41	31	40	43	46	45	45	37	33	34	45	43	36	38	25	26	19	9	24	25	56	45	44	36	34	47	34	48	40	50	54	49	57	58	38	44	40	49	53	47	51	36	54	38	37	37	39	33	17	18	12	21	7	12	10	12	30	33	50	46	48	42	54	52	34	29	36	48	37	50	53	49	44	41	38	43	33	53	42	31	25	25	32	19	12	15	22	16	25	40	41	59	69	62	27	10	9	13	9	7	10	7	11	7	8	8	12	10	14	13	14	27	17	23	18	24	22	31	18	19	35	49	38	35	44	42
44	38	48	29	23	30	28	24	13	27	26	27	32	43	55	39	40	44	43	41	44	48	38	47	40	34	44	47	27	40	29	29	46	37	43	48	37	25	21	17	18	20	15	37	43	37	29	43	39	51	41	40	39	50	41	42	37	52	47	54	53	38	48	42	47	33	47	42	52	47	38	31	27	20	8	7	5	7	10	14	30	34	50	42	46	34	43	39	43	49	43	52	53	48	45	56	45	40	36	39	29	41	42	38	41	38	26	24	17	11	13	11	25	34	46	58	67	54	25	11	11	13	8	9	6	9	12	13	8	13	10	12	14	17	18	24	28	19	16	15	25	29	25	39	39	43	42	35	33	34
49	36	45	29	29	21	12	6	11	14	14	36	41	30	46	46	41	36	50	31	49	40	56	35	44	50	49	43	28	32	28	28	22	34	49	40	40	27	23	19	22	27	37	40	46	39	40	40	40	42	46	29	39	39	49	50	49	43	63	38	48	46	51	42	38	45	45	50	41	50	47	41	39	13	10	8	3	3	9	16	27	38	39	55	49	47	39	32	50	34	34	51	47	43	42	53	41	27	27	33	30	26	38	54	54	45	45	34	12	18	13	21	30	44	57	72	59	37	16	13	8	10	8	3	5	12	11	8	11	18	18	22	16	20	16	29	20	23	25	24	19	35	37	55	55	38	40	44	30	37
35	26	18	17	18	8	11	11	11	21	20	44	36	42	43	53	44	36	52	33	38	46	43	44	33	48	29	43	24	21	16	10	26	32	34	41	32	28	21	27	32	24	27	39	37	29	38	38	37	49	46	46	39	47	45	46	37	51	45	39	44	37	53	50	53	47	41	51	49	39	35	46	29	26	4	9	5	4	10	15	37	42	49	59	45	48	37	55	39	42	38	46	46	46	51	32	50	36	23	37	29	42	36	54	51	56	53	47	20	21	20	20	39	47	58	59	50	26	7	10	3	6	6	6	3	5	9	13	10	13	13	14	15	22	22	20	23	16	29	27	20	29	53	62	34	45	40	27	31	37
29	20	13	15	11	11	9	10	10	14	25	38	38	51	43	52	43	53	51	43	35	48	45	52	39	31	39	33	27	22	15	18	16	38	39	39	24	27	30	34	37	35	37	43	42	36	36	42	43	41	52	42	53	40	42	44	50	48	38	44	46	40	39	48	39	44	40	54	38	43	39	43	31	15	18	12	10	11	11	17	23	49	37	53	60	51	39	37	42	36	41	40	38	50	43	34	30	45	47	25	33	42	41	58	57	66	54	38	30	28	25	21	38	52	44	69	41	23	16	14	14	9	8	6	7	7	7	11	8	14	17	19	15	28	25	18	18	19	17	29	31	49	35	45	49	47	34	37	32	37
20	16	17	20	9	13	12	10	12	27	29	52	40	41	48	49	52	52	45	44	53	50	33	40	28	36	36	30	33	10	7	12	30	29	34	46	53	28	31	29	43	34	47	35	35	26	42	31	47	50	46	40	51	31	44	43	55	29	41	55	39	48	38	46	44	28	40	55	43	37	48	49	34	19	12	6	8	14	19	33	30	47	39	50	49	57	45	43	34	54	42	56	45	40	48	30	42	49	47	32	43	47	45	73	56	53	55	51	38	59	43	32	30	41	44	38	29	21	15	5	9	8	12	5	8	8	10	9	14	13	9	16	25	19	15	15	26	26	15	27	37	44	66	44	43	32	24	33	32	30
17	22	28	28	27	23	8	16	24	30	40	54	51	47	41	49	48	52	44	48	39	48	38	52	46	32	32	25	19	8	6	20	31	33	34	34	49	37	22	42	45	32	53	38	23	29	32	57	36	50	55	50	44	32	41	45	41	41	47	41	50	39	41	40	38	35	40	31	44	45	51	42	39	25	12	13	23	33	32	30	40	32	32	41	37	34	37	31	32	42	52	46	31	41	27	27	49	45	55	45	55	60	59	46	61	61	40	53	58	66	43	30	33	26	23	18	14	6	9	7	11	7	11	6	10	7	10	16	9	17	22	16	21	18	19	17	14	21	12	32	48	54	49	44	47	39	29	38	36	29
25	23	32	43	42	24	32	25	28	39	34	39	48	38	50	34	42	59	36	44	44	43	29	34	34	35	35	28	20	9	13	17	29	35	37	46	43	25	32	43	35	45	35	44	40	31	43	42	48	47	48	46	58	38	61	45	63	49	41	42	47	58	51	36	52	46	56	47	46	41	41	30	35	22	21	13	21	24	48	52	39	38	30	31	29	31	46	41	46	48	52	42	48	47	32	47	51	47	38	44	40	60	52	42	40	50	44	53	51	53	42	29	31	27	21	11	11	9	12	11	13	5	4	10	4	5	6	6	9	15	14	12	10	16	25	10	14	20	26	36	55	57	56	51	35	41	42	34	35	31
32	43	37	41	42	36	28	31	39	52	53	36	36	43	46	48	41	42	59	45	50	33	47	39	42	27	36	24	12	13	8	25	19	44	31	47	40	52	43	49	32	49	43	36	29	49	51	44	47	49	54	44	48	45	38	55	42	45	44	38	37	48	52	43	44	42	46	67	41	37	37	48	34	29	22	16	31	37	39	40	42	27	33	39	34	56	38	32	51	48	50	46	54	35	46	47	40	44	58	46	40	55	53	63	54	53	47	48	55	66	49	34	32	28	19	9	7	13	10	7	12	6	8	6	7	5	4	12	14	11	9	5	10	16	12	16	14	19	25	37	46	51	49	51	35	32	32	39	26	39
38	35	37	50	48	44	30	43	38	44	55	41	55	47	44	49	51	48	44	37	51	34	26	30	26	26	16	15	8	5	11	16	29	28	41	54	48	33	38	46	44	39	36	47	34	39	47	45	45	40	44	57	50	58	51	49	46	30	42	46	40	46	43	53	54	40	40	45	44	43	34	36	49	33	18	26	36	27	39	35	23	44	34	42	40	48	48	39	56	37	47	46	38	42	49	38	54	62	47	41	45	40	66	46	56	40	60	54	52	62	36	39	29	16	24	8	9	6	4	10	4	10	5	8	10	6	4	13	17	11	6	12	8	4	13	12	19	17	22	43	49	65	60	45	39	44	35	37	42	29
36	36	41	38	33	30	39	32	32	34	48	39	44	47	41	40	45	31	63	41	33	33	25	16	19	13	7	11	6	6	7	12	24	31	41	32	46	45	34	41	44	37	30	37	37	43	48	50	58	45	40	40	42	64	59	43	38	35	32	38	44	42	46	59	46	50	44	45	48	58	51	43	58	35	34	41	38	46	33	30	36	35	29	33	47	42	48	48	51	59	38	38	48	50	52	45	52	42	24	27	59	49	60	47	50	49	46	51	53	64	59	42	34	18	8	11	14	7	6	6	4	4	10	6	15	6	13	7	16	8	10	9	14	10	15	13	15	16	16	29	39	58	53	44	44	35	39	37	30	33
34	43	40	30	37	40	24	43	35	46	42	46	52	40	40	57	34	43	53	36	53	39	37	12	9	7	7	10	5	9	7	14	24	27	35	45	42	39	32	38	49	46	39	45	48	40	48	47	42	47	66	45	33	50	45	46	39	47	51	55	43	53	44	44	48	52	46	44	58	55	52	38	35	39	31	35	36	40	38	32	38	29	34	37	47	45	37	68	46	44	42	51	34	52	47	39	41	37	34	33	34	42	46	49	55	51	53	50	37	45	49	47	31	23	13	12	6	4	4	11	4	7	7	9	7	9	6	13	9	13	5	9	12	12	13	13	15	15	16	20	44	58	52	52	49	40	38	33	35	28
42	42	31	31	45	36	35	36	33	31	40	49	31	42	51	44	56	34	39	30	38	37	26	23	14	5	5	4	5	5	11	11	22	43	50	45	42	34	43	48	37	46	41	53	44	46	48	51	40	50	46	48	50	48	45	50	42	28	33	47	44	52	53	36	52	42	37	52	38	43	33	34	47	37	41	46	32	21	31	35	35	38	43	41	37	49	42	43	43	45	47	43	42	45	62	54	59	41	50	45	51	46	57	43	37	57	57	45	51	45	54	58	41	16	20	7	11	6	7	12	5	10	5	7	5	11	8	11	11	11	12	10	3	7	6	13	18	12	13	17	33	56	55	45	43	51	47	50	40	32
20	33	53	46	52	37	43	42	39	47	32	51	36	59	49	36	40	42	38	33	35	41	30	33	19	11	5	6	5	4	8	24	25	33	36	27	30	24	31	37	38	29	53	47	41	40	42	46	54	62	31	54	37	60	36	56	38	39	37	48	31	42	60	49	47	38	49	49	53	46	47	35	46	41	34	31	30	22	28	43	52	33	51	40	33	45	51	54	44	59	42	48	48	49	47	61	58	53	44	40	58	47	42	38	47	75	47	55	41	51	53	60	46	18	10	8	7	4	15	10	8	9	5	2	12	8	7	10	13	10	14	11	16	10	9	14	12	10	19	16	26	46	40	43	45	44	32	30	41	28
37	40	36	42	41	27	37	45	41	39	43	34	53	49	47	55	40	30	29	22	43	46	31	35	15	8	8	4	4	14	20	32	33	38	29	37	25	16	26	31	22	42	47	53	39	42	38	40	37	37	46	56	45	49	52	60	46	37	40	31	41	40	39	38	40	43	57	36	50	42	45	58	58	47	28	15	20	27	33	36	40	47	47	41	52	43	42	37	45	42	39	53	36	49	52	46	56	51	38	57	57	35	38	44	40	52	57	53	41	41	71	77	50	13	2	9	10	10	6	5	8	9	9	9	6	6	6	5	6	6	6	15	4	8	6	11	13	9	14	16	24	43	55	54	43	33	44	35	45	22
21	35	33	38	32	33	39	40	36	47	42	37	39	45	42	35	25	27	24	22	32	37	36	39	17	13	5	5	9	8	17	30	43	47	41	29	26	17	9	29	28	24	37	46	45	49	36	39	48	43	48	50	55	40	52	59	57	51	39	22	44	37	45	44	48	60	43	40	46	60	47	57	44	40	40	15	25	30	50	46	50	43	57	46	36	43	50	29	45	48	46	54	57	54	47	50	60	45	49	48	50	52	42	45	42	47	54	49	54	65	68	57	24	15	11	10	9	9	9	5	5	10	11	11	8	5	9	7	5	5	4	11	9	14	13	12	13	9	14	18	22	37	50	45	51	42	32	39	38	22
21	35	37	41	50	44	38	26	30	38	36	48	52	52	36	31	24	13	11	17	23	40	26	26	19	8	17	6	11	12	13	36	46	42	29	25	12	15	22	22	33	30	33	43	48	57	42	40	41	43	41	30	56	41	41	52	58	38	31	38	32	43	46	43	47	40	41	35	40	39	47	48	49	39	32	24	26	23	39	43	43	42	49	40	46	54	46	37	42	38	53	52	35	53	55	58	56	38	44	53	46	42	34	46	58	64	78	59	70	65	66	60	29	17	11	8	10	10	9	7	4	6	5	9	7	8	6	10	15	4	11	12	9	9	6	13	16	17	18	18	28	40	58	48	45	43	34	43	33	28
19	26	40	43	29	26	21	15	28	24	31	36	45	45	35	29	8	14	16	13	21	27	26	14	23	11	4	5	9	9	27	35	46	51	28	16	7	12	16	25	30	22	37	38	46	37	47	49	49	39	50	62	35	39	46	45	45	40	24	27	27	34	50	34	46	44	28	42	43	43	49	39	43	42	35	42	40	30	45	50	58	54	56	41	46	37	35	39	44	41	48	55	44	37	60	54	56	50	47	52	53	50	37	31	51	48	54	48	56	70	84	51	30	21	12	7	9	7	10	8	12	7	9	3	4	8	4	7	8	7	10	8	4	6	8	8	11	13	10	19	32	29	44	64	48	53	50	34	40	27
15	26	28	35	40	11	17	12	15	25	28	48	40	38	33	33	18	13	13	14	10	26	27	26	30	19	10	6	8	21	28	42	34	30	28	17	12	10	19	15	15	40	32	44	34	44	55	41	41	47	50	43	58	53	42	47	41	52	31	18	18	19	24	26	22	34	17	28	45	45	54	42	35	43	41	50	46	50	52	58	45	52	40	44	53	42	46	42	43	29	47	40	55	64	66	52	59	40	34	49	52	64	49	45	54	46	54	61	71	67	62	42	26	12	10	10	8	6	10	8	2	8	5	5	8	6	9	6	8	11	8	6	6	11	11	6	7	11	19	18	27	33	65	51	54	42	51	37	35	31
35	35	28	31	24	17	10	8	15	17	27	42	46	55	37	29	12	12	10	7	10	21	14	25	25	16	15	13	19	18	40	41	36	46	23	19	14	9	11	26	25	27	33	39	51	58	40	45	51	41	56	38	45	43	46	42	58	48	21	22	11	10	10	16	18	20	20	42	34	39	56	45	40	44	39	50	46	38	35	60	48	53	40	39	58	52	39	40	46	31	69	30	58	51	52	58	37	41	32	52	57	67	47	33	48	42	52	66	54	75	63	48	14	11	8	9	6	10	8	7	9	4	6	6	15	11	7	11	8	10	11	13	8	9	11	9	10	14	12	19	37	34	41	54	47	41	53	36	39	36
39	36	44	25	25	15	15	6	25	35	39	39	35	43	39	29	10	16	4	7	14	11	20	26	33	18	12	13	23	33	45	44	55	37	28	23	15	14	13	26	31	37	44	32	29	34	30	32	37	43	47	39	46	50	58	40	41	42	22	22	13	13	11	15	11	18	33	25	40	41	37	45	40	44	50	44	53	47	41	48	50	56	47	49	47	55	46	33	51	45	46	37	52	40	51	50	45	36	47	68	53	37	42	15	30	54	54	52	72	72	50	37	24	14	7	11	9	7	7	9	7	13	5	8	5	8	4	10	12	9	6	6	14	5	12	14	14	16	17	10	25	40	58	48	46	42	39	50	46	29
36	49	39	28	18	8	12	17	26	45	46	46	48	39	33	24	14	13	9	15	12	19	37	32	17	19	14	18	44	32	42	54	43	49	40	26	23	18	24	30	31	43	42	37	30	44	38	51	52	33	45	46	40	48	48	51	34	28	13	19	14	13	12	16	13	12	19	28	43	36	49	38	49	38	54	48	47	58	47	48	41	54	54	58	48	50	45	39	45	52	30	40	41	39	53	51	44	39	47	49	70	40	21	18	43	37	42	50	61	82	59	48	26	8	5	9	8	5	4	12	10	9	7	6	6	10	9	8	9	7	11	5	8	12	8	6	17	13	19	25	40	54	41	60	40	43	30	34	36	38
32	44	33	28	15	11	9	18	17	38	30	37	29	36	34	36	23	13	13	10	21	31	43	31	24	12	14	28	31	42	35	40	46	44	43	46	26	26	32	27	58	31	44	40	42	33	49	41	48	47	50	47	39	42	31	29	40	20	17	34	21	26	18	15	15	18	31	31	34	44	40	54	39	40	50	45	40	37	61	62	52	42	43	44	45	45	51	47	43	48	44	37	30	45	54	48	54	55	45	58	55	32	20	26	31	47	63	50	77	56	42	29	41	23	13	4	5	4	8	9	5	5	5	7	9	10	5	11	7	6	12	9	18	13	14	20	19	8	20	36	48	59	51	39	42	51	41	30	38	40
43	54	42	28	16	9	12	20	31	43	33	38	37	45	48	39	29	23	21	20	29	31	43	21	14	16	20	41	45	37	49	44	55	55	43	40	29	35	46	47	39	53	40	36	41	46	52	42	38	49	55	45	39	57	61	32	27	13	30	33	41	44	38	25	13	11	28	24	39	48	45	49	58	44	41	56	50	49	43	50	46	54	45	41	54	48	47	48	46	50	54	42	30	44	47	52	55	42	47	55	24	22	17	36	37	47	56	61	60	43	39	38	26	17	17	8	1	8	6	6	8	10	8	6	5	9	6	12	3	8	4	8	12	11	23	13	8	9	15	38	59	74	62	61	53	32	33	34	44	31
48	39	36	21	14	8	9	14	34	49	33	42	46	50	39	36	31	35	35	25	30	38	27	29	12	17	32	29	34	48	33	46	51	47	54	54	41	41	50	33	35	53	43	42	43	39	40	42	23	32	42	39	34	37	45	23	32	26	36	32	44	35	25	16	21	19	29	33	46	51	31	46	50	44	58	39	52	52	63	49	45	29	50	54	50	50	46	40	48	49	31	57	51	42	37	38	46	54	46	41	23	12	16	36	46	51	45	57	45	39	36	35	28	27	10	12	8	9	6	9	4	11	4	6	9	10	12	12	4	7	8	6	12	15	17	16	19	18	27	42	70	68	47	44	46	37	49	39	44	37
46	35	20	17	12	9	9	16	20	39	42	37	32	31	46	32	50	35	37	47	38	42	22	18	14	14	31	27	43	41	43	44	44	44	44	40	41	37	43	45	39	43	41	40	37	47	37	33	22	37	30	36	28	44	31	44	24	25	37	41	46	33	25	19	30	26	46	40	42	46	47	48	47	50	40	63	47	43	43	48	31	34	43	54	37	46	55	48	40	39	44	42	48	44	44	44	37	44	49	54	27	23	29	42	42	55	48	55	41	39	56	45	35	18	19	9	5	5	13	12	11	6	4	5	11	7	5	7	9	7	8	7	10	6	12	9	21	26	30	50	55	82	56	52	43	50	40	35	35	23
44	27	23	14	6	7	10	17	30	48	32	37	46	36	34	46	34	38	40	41	33	37	19	23	14	21	30	46	48	40	45	55	43	39	32	56	41	35	51	39	43	39	49	38	34	42	29	37	19	26	20	25	23	28	37	43	20	29	40	35	51	33	31	29	29	40	42	46	38	57	29	47	48	42	61	58	55	57	57	36	35	41	44	47	40	41	47	49	44	57	41	48	46	43	42	40	48	43	51	44	16	21	37	53	52	57	63	34	50	40	37	46	28	22	12	5	8	7	5	13	6	6	11	4	10	6	8	8	3	8	11	7	9	7	15	23	17	23	22	51	57	76	55	53	38	45	41	25	30	33
47	28	20	11	2	9	14	11	13	34	18	31	33	36	45	40	40	52	42	36	41	43	26	24	23	31	37	45	42	41	45	41	45	47	40	37	50	52	53	46	44	35	37	47	40	41	28	18	23	28	20	18	17	33	32	35	30	19	21	40	45	39	32	34	55	48	48	48	47	46	49	45	57	47	58	42	46	55	56	41	51	46	46	49	34	35	37	43	47	48	49	44	47	46	49	68	55	42	44	37	18	23	41	47	47	64	52	42	42	46	48	32	25	15	6	5	8	9	13	8	4	5	4	5	7	6	5	1	10	11	15	3	8	8	14	15	12	26	40	81	65	61	76	57	48	50	45	42	43	36
28	39	17	17	9	11	10	21	15	14	8	16	35	26	42	48	45	55	49	60	43	56	43	30	19	21	40	40	49	41	37	45	47	48	34	55	46	50	45	39	57	48	52	58	28	29	32	33	25	22	17	18	19	28	24	19	12	9	36	36	56	40	41	52	59	38	47	45	39	46	52	52	47	48	42	45	65	44	35	40	43	42	52	35	24	29	33	53	42	57	47	43	56	28	59	49	53	62	47	28	26	22	37	42	58	51	46	47	43	35	25	18	17	12	6	5	5	10	16	7	5	5	11	9	9	3	5	12	6	8	12	9	6	11	16	10	17	28	57	76	63	58	44	48	52	41	50	36	39	29
40	34	20	13	7	15	20	19	13	14	7	12	21	49	39	53	46	52	46	44	40	42	39	41	23	32	35	42	46	39	39	56	35	45	34	39	30	43	52	47	58	49	36	42	47	42	35	26	16	23	7	8	17	12	15	17	13	12	32	36	38	36	39	34	52	46	48	41	47	44	44	48	50	51	48	46	57	61	43	37	47	50	43	31	26	40	33	46	29	42	47	41	61	44	36	52	45	50	48	32	17	31	32	41	53	49	46	37	48	33	26	18	8	11	5	3	8	11	7	3	7	8	7	13	14	8	9	11	6	5	12	7	10	10	12	14	25	28	45	70	89	60	45	42	51	43	26	32	42	39
41	30	20	16	10	16	13	31	25	15	18	12	30	36	44	47	44	45	53	40	36	41	39	33	23	26	30	22	33	39	30	26	24	27	30	29	38	36	52	45	51	31	49	47	56	42	26	23	11	15	14	9	8	12	11	11	19	33	35	41	47	45	43	51	43	51	43	51	57	38	33	46	54	52	42	42	42	41	53	60	52	55	37	46	41	49	33	34	42	47	52	49	59	46	52	41	56	67	54	41	31	40	57	49	42	31	63	39	64	49	20	15	10	8	5	4	5	3	11	3	2	8	13	7	7	14	6	13	8	10	5	6	11	11	21	11	18	19	44	64	71	42	55	61	43	38	39	45	32	31
42	42	38	31	13	15	29	30	32	22	9	22	37	48	38	48	54	38	61	55	48	34	61	34	41	30	17	17	25	33	24	21	32	25	25	37	33	46	51	35	38	69	52	30	36	42	26	21	10	9	8	7	14	8	10	12	27	32	37	61	44	52	41	49	53	37	43	56	51	48	42	47	38	46	36	39	54	50	50	62	54	42	58	64	49	45	24	29	31	32	46	31	29	44	48	57	57	48	57	60	45	48	46	44	43	48	78	54	52	33	18	6	11	7	3	4	3	5	9	7	2	6	9	12	3	11	13	12	11	6	8	8	13	13	16	21	12	22	38	54	59	51	55	46	53	41	38	41	39	31
42	60	32	22	26	37	32	43	30	21	18	19	36	38	34	40	53	51	47	50	62	43	32	51	35	28	16	14	12	12	20	27	19	36	33	39	38	47	48	47	45	57	42	41	44	33	25	19	13	11	18	11	8	12	10	19	33	46	51	52	42	30	59	44	40	37	45	52	39	45	43	45	53	49	55	61	42	53	54	57	73	53	82	61	50	27	33	35	42	44	54	53	30	57	50	48	56	52	41	49	45	50	42	60	36	35	51	54	53	25	11	10	13	12	6	9	11	6	6	12	5	7	13	10	8	7	5	5	7	9	9	10	11	10	12	22	18	32	41	53	55	50	56	53	51	45	40	43	55	30
31	43	46	42	30	36	33	41	42	24	32	33	35	56	47	56	54	54	49	59	66	70	54	47	50	26	24	23	27	18	31	33	40	35	34	40	42	44	38	41	46	52	48	38	28	18	25	12	9	24	27	35	24	17	13	18	31	43	48	39	45	56	38	45	42	44	47	36	36	57	43	50	32	52	55	39	47	42	50	53	56	63	70	59	78	62	40	20	27	48	51	42	39	52	41	46	56	50	69	35	55	59	39	30	30	32	46	55	29	24	10	13	6	7	7	2	6	6	6	5	8	2	8	10	15	9	4	6	6	9	12	13	8	12	13	13	25	31	45	33	53	57	47	37	42	36	43	49	42	27
44	30	38	43	49	39	40	37	34	37	42	43	46	36	50	50	58	67	68	71	67	52	50	44	37	25	27	17	29	33	28	28	36	32	41	45	32	46	40	42	35	43	58	41	28	23	25	23	21	30	35	35	39	24	19	29	34	42	46	33	57	56	51	49	53	52	43	50	49	42	42	48	51	61	50	34	40	45	52	59	67	90	108	109	92	46	40	18	25	33	49	50	45	59	55	41	46	46	52	42	60	33	39	21	26	41	51	51	41	13	12	7	10	7	3	7	11	6	8	8	5	7	8	15	7	10	9	7	7	8	5	12	9	10	14	18	28	33	41	42	47	44	44	40	39	44	42	22	39	29
40	39	38	30	44	37	40	41	42	40	39	48	48	52	49	71	74	64	70	70	62	50	48	54	37	31	16	35	30	40	35	45	34	35	38	40	50	53	41	43	34	51	44	24	17	23	39	41	33	39	43	47	44	29	20	27	40	39	49	42	46	40	53	51	39	48	56	50	53	56	42	53	49	51	57	29	53	56	58	54	78	109	140	127	106	69	40	28	21	41	45	41	42	52	48	58	46	48	61	48	50	32	48	38	48	51	77	52	33	18	14	5	4	7	12	6	4	6	2	7	10	4	7	3	4	12	11	1	6	11	14	3	9	12	16	20	37	36	32	45	38	34	39	42	49	48	34	29	34	32
28	33	43	36	33	39	42	47	35	37	54	47	53	50	70	83	50	70	73	63	48	56	50	45	36	47	28	31	44	35	26	32	32	36	40	44	55	36	45	44	38	46	45	34	18	30	31	37	30	45	41	36	34	28	17	29	36	53	40	48	43	57	35	52	49	59	45	56	62	50	40	45	57	69	53	46	59	58	54	65	106	128	122	151	126	80	55	25	34	42	58	51	51	48	76	62	44	49	59	63	39	44	38	51	51	64	58	55	29	17	10	10	7	12	7	11	6	11	7	9	9	8	6	7	11	4	7	7	6	8	9	8	12	12	16	24	25	39	41	44	40	53	52	42	40	35	29	41	40	34
43	41	54	33	40	32	44	43	41	41	36	44	45	60	69	72	58	46	59	36	35	33	45	41	49	57	42	41	56	33	44	25	38	37	56	49	47	47	43	39	55	32	47	32	34	44	41	48	37	51	40	49	34	17	16	23	29	38	40	48	48	41	52	41	56	42	49	51	60	54	49	51	53	56	48	60	63	71	66	81	129	147	120	147	131	79	55	35	48	63	52	47	56	52	47	40	31	50	45	47	46	49	62	45	55	64	74	56	29	8	8	10	12	10	7	9	5	4	10	8	3	8	8	6	5	14	5	6	6	6	11	17	11	14	15	15	31	37	41	31	39	49	41	46	50	34	38	40	45	35
35	40	55	39	42	50	45	29	48	43	37	41	36	47	50	64	62	47	56	42	53	48	35	50	45	43	40	37	46	42	40	36	34	36	40	46	43	43	43	42	35	36	41	53	45	53	41	48	52	45	58	38	38	19	20	23	35	45	46	56	57	42	44	29	37	50	46	41	45	54	55	51	65	55	54	78	82	67	62	76	109	110	133	125	128	109	88	54	56	55	38	51	49	60	59	56	51	51	31	53	47	52	44	47	61	60	54	48	32	19	12	16	7	7	10	11	6	5	7	7	8	10	11	10	8	6	6	4	9	6	4	10	14	16	14	11	30	28	33	35	38	42	46	43	36	39	47	34	35	38
45	39	40	34	46	38	52	42	41	46	43	56	64	45	45	47	53	48	41	29	49	40	41	34	38	47	48	40	39	43	31	36	34	41	43	50	49	37	47	43	32	44	46	57	53	45	43	37	53	45	53	49	34	31	24	27	41	51	48	46	61	52	66	39	48	46	59	45	46	41	49	56	63	63	86	88	111	76	80	81	84	104	105	110	115	89	64	64	61	52	36	43	53	43	49	49	32	53	57	51	49	67	54	40	45	48	42	58	25	9	8	5	10	12	8	1	9	8	10	8	11	4	9	5	9	15	10	13	9	6	12	9	11	20	17	17	30	23	37	48	36	50	44	37	51	36	43	30	36	28
48	41	41	52	53	50	42	41	55	51	50	45	54	40	52	51	55	46	37	41	34	30	33	36	34	38	49	45	52	41	42	29	45	50	48	44	17	32	59	41	48	50	50	38	53	49	52	37	41	40	43	36	33	30	36	50	58	49	49	37	41	53	32	27	33	42	42	46	53	54	64	72	84	98	90	116	115	132	129	126	95	98	78	69	101	49	60	42	45	48	47	42	46	54	47	57	44	41	46	40	59	54	64	46	56	53	56	46	20	10	10	13	8	4	4	12	7	7	6	7	3	6	7	10	11	10	7	11	9	11	13	5	5	15	12	16	24	32	35	53	56	40	46	47	38	46	31	15	24	35
29	43	42	52	40	52	38	50	45	45	44	58	37	57	49	43	45	44	35	31	39	42	28	33	42	46	32	47	38	48	45	45	39	39	38	28	24	29	30	38	48	34	47	49	52	56	41	43	30	34	24	44	33	52	49	47	42	59	50	33	33	29	20	21	20	32	52	51	50	44	58	69	82	106	148	162	158	125	130	122	85	59	72	67	67	56	48	61	56	37	43	54	46	63	50	35	39	37	40	41	50	61	39	53	40	58	58	48	20	21	4	9	7	7	10	5	7	12	9	4	7	6	11	17	9	15	6	18	8	10	5	6	9	14	10	27	29	38	50	49	53	54	45	48	65	32	46	36	27	32
37	44	40	53	46	31	37	47	33	37	51	48	41	45	42	42	48	52	44	37	31	33	26	28	41	39	39	38	41	48	41	39	34	49	29	20	16	23	33	46	48	49	41	59	39	46	41	41	44	42	40	44	50	41	38	57	55	56	44	39	22	23	14	11	24	38	38	59	44	42	51	69	89	144	161	158	151	150	117	105	90	64	62	65	51	50	69	57	47	46	53	39	44	50	62	47	42	36	47	58	51	54	38	54	60	64	28	26	12	16	8	9	10	11	15	16	5	9	5	11	5	8	4	9	10	8	7	9	7	12	11	9	13	22	20	28	41	45	55	56	53	54	42	37	34	39	26	32	32	34
37	47	43	38	48	45	50	39	36	38	51	50	51	47	38	38	49	40	40	36	32	30	21	26	41	47	40	44	41	44	43	39	31	41	18	14	16	19	42	38	45	47	56	46	45	39	61	42	39	36	47	39	41	39	41	41	52	47	43	30	25	7	7	10	19	41	38	42	41	38	58	70	76	131	122	145	129	107	100	63	68	47	45	56	61	43	42	48	43	40	51	51	46	48	45	50	42	50	43	45	55	47	66	42	47	48	44	24	21	13	9	6	9	9	13	8	9	6	6	7	7	7	10	10	11	9	5	8	6	6	14	5	8	19	24	28	46	44	66	62	76	49	49	51	57	44	39	24	35	16
47	33	49	36	50	44	48	38	42	68	45	50	47	51	34	46	42	47	40	27	35	22	22	34	41	33	42	29	53	42	47	54	36	27	28	17	9	33	28	39	47	36	58	46	40	64	53	43	45	46	43	54	30	45	39	46	54	48	60	33	44	24	15	18	30	41	45	60	37	56	52	63	76	94	100	93	95	89	66	69	52	55	52	46	62	44	34	52	45	54	47	51	42	44	45	48	48	48	50	53	50	55	67	54	59	62	53	28	17	11	12	7	5	10	11	5	14	12	4	7	6	11	10	7	9	9	4	4	7	3	7	9	4	9	13	22	24	49	49	69	50	55	54	44	35	36	30	34	27	23
43	47	39	40	36	47	43	48	42	39	46	41	56	37	36	49	44	46	43	37	35	24	14	29	34	26	30	46	48	36	43	37	41	22	18	20	10	17	31	32	52	44	49	53	51	52	52	42	31	45	47	54	52	45	31	51	46	53	40	41	41	36	28	35	41	51	67	52	42	43	55	70	80	74	62	77	76	63	56	55	55	52	52	52	56	57	47	47	32	53	55	52	59	52	53	56	46	55	48	53	39	44	65	68	54	49	28	22	25	12	10	7	9	6	3	3	13	10	15	8	8	7	8	12	8	5	5	3	8	13	8	14	11	7	14	34	28	54	60	46	57	43	56	53	41	39	31	37	34	22
29	32	36	38	40	38	41	50	48	50	39	52	42	44	47	55	47	43	37	37	32	24	16	17	17	21	23	35	43	47	39	42	37	39	28	19	18	17	33	26	27	44	34	44	54	46	44	50	46	38	44	41	57	34	55	40	43	46	51	57	42	52	46	42	32	47	50	54	51	53	49	40	54	57	61	55	64	73	53	65	62	46	54	46	48	37	46	38	48	55	39	51	54	54	64	39	54	53	45	45	54	50	72	62	58	48	40	18	19	8	8	13	3	9	10	6	12	11	4	8	9	11	9	7	8	5	9	6	8	10	13	9	11	12	20	28	41	53	41	61	54	50	51	38	41	28	31	39	24	27
18	40	39	48	39	38	44	42	34	38	50	44	51	31	49	45	31	31	45	39	36	46	24	11	29	15	25	37	49	37	54	44	38	34	30	31	15	17	30	37	46	37	36	36	47	50	50	33	42	46	61	42	45	36	37	40	53	42	43	43	51	62	49	46	48	51	54	55	51	39	30	46	57	63	36	60	63	39	47	55	57	53	39	55	61	37	50	41	42	46	43	54	49	57	41	34	54	42	48	51	47	53	43	47	62	54	37	21	8	13	7	4	7	10	8	10	7	8	9	9	8	10	10	9	4	7	8	7	7	7	20	9	11	12	10	22	28	33	38	37	39	44	55	44	42	38	36	28	25	35
26	26	46	45	45	60	55	39	40	42	51	35	48	35	46	67	40	48	52	39	41	20	15	11	15	30	28	33	54	39	52	43	41	49	32	30	21	27	27	33	55	53	49	40	55	55	45	27	45	48	42	70	36	44	31	36	39	60	56	35	39	37	57	43	42	47	51	48	51	60	65	52	53	55	51	54	59	44	45	36	41	56	35	55	51	67	47	45	47	49	52	50	53	56	51	51	35	46	71	38	48	47	57	47	52	36	21	15	14	4	7	8	10	10	3	11	8	6	14	8	8	5	7	5	7	8	9	9	8	10	9	12	16	7	14	19	28	30	27	26	36	40	45	46	40	32	22	29	29	11
33	26	37	32	59	40	36	39	48	35	57	43	41	46	38	45	50	42	44	48	27	27	19	12	14	33	43	46	44	37	37	43	50	35	50	28	26	27	35	36	44	55	47	39	42	30	44	44	44	60	52	50	46	46	24	37	44	47	51	44	55	33	43	54	38	55	38	45	56	56	47	52	46	47	47	65	51	43	44	41	45	59	54	41	47	50	37	37	59	45	54	57	55	62	48	39	40	53	51	55	46	40	41	58	48	29	18	18	10	6	6	9	8	5	7	9	9	8	11	10	11	6	5	8	8	9	6	5	12	9	11	15	14	3	13	29	31	28	17	28	32	41	37	41	36	29	21	26	29	29
49	33	41	40	41	42	39	33	45	46	47	41	56	53	50	51	39	41	50	41	41	21	17	14	34	27	48	37	50	36	55	41	46	32	45	27	22	31	39	37	55	51	46	52	51	54	48	46	44	51	60	57	39	38	14	25	28	41	32	42	52	44	55	49	52	40	54	38	52	71	57	46	48	57	50	53	48	47	43	53	40	55	41	51	54	55	46	47	47	46	51	42	36	53	30	38	46	39	42	43	39	40	52	52	32	32	16	17	10	11	6	5	10	6	8	5	6	5	10	6	8	9	9	8	4	3	3	9	8	7	9	8	9	17	17	24	19	22	23	16	27	34	48	39	44	31	21	35	25	29
38	28	33	50	43	53	36	44	39	45	44	43	41	53	48	45	40	53	37	40	38	29	19	23	30	34	40	40	33	52	56	49	46	38	29	37	38	41	58	57	52	40	45	47	41	56	33	48	40	42	50	61	44	31	38	26	20	22	26	26	37	43	46	36	43	44	43	53	45	59	40	44	49	48	38	48	55	54	46	60	39	48	55	51	52	47	34	47	57	48	45	32	43	53	49	48	55	52	28	35	43	38	46	41	41	17	20	18	10	7	8	14	4	6	11	14	7	7	12	6	8	7	7	6	7	3	12	5	11	9	9	9	11	16	10	24	33	19	15	21	29	33	30	32	26	22	27	19	34	31
36	39	35	39	48	38	42	41	44	51	45	51	35	60	38	43	40	43	48	48	37	42	32	28	40	47	33	44	45	53	35	41	41	33	43	51	45	52	46	62	57	44	47	44	62	28	30	15	29	34	61	57	63	42	47	38	20	27	39	34	44	53	44	51	39	43	49	50	61	48	35	52	51	36	59	54	54	55	49	50	42	51	49	37	40	44	52	50	39	54	34	47	39	52	46	49	35	58	48	54	51	48	42	45	36	35	19	11	7	13	10	5	7	5	2	7	4	8	10	15	1	3	11	6	4	3	3	5	8	7	10	9	9	14	26	19	23	12	27	32	27	52	47	37	28	27	22	32	27	27
45	31	26	41	54	46	41	48	51	46	44	49	49	40	48	37	31	43	44	48	36	31	36	48	45	47	45	49	52	45	44	35	46	48	49	56	42	43	60	44	51	55	54	60	36	21	13	25	25	41	36	42	46	59	42	35	30	30	36	33	48	47	51	41	46	59	41	48	41	34	49	54	45	40	54	39	59	59	48	42	44	61	50	61	59	51	46	54	49	43	37	48	48	50	44	39	46	46	55	59	44	34	46	62	41	31	14	11	5	12	4	6	10	13	8	9	3	10	2	3	4	14	10	11	4	4	11	5	7	6	8	4	16	18	22	8	33	28	31	45	48	32	49	28	29	26	30	24	25	23
27	28	33	22	29	34	32	37	46	41	45	58	56	48	44	41	40	32	42	46	50	55	40	50	54	36	43	62	42	47	44	54	42	54	42	47	54	49	51	42	36	58	45	51	32	24	30	26	29	37	49	39	50	45	51	54	35	33	36	42	52	49	55	40	46	53	52	50	47	54	47	53	60	48	59	46	63	54	57	48	50	60	54	43	62	51	36	38	46	43	31	42	52	45	39	34	34	49	51	45	48	46	43	33	25	25	13	11	7	6	5	7	5	2	5	1	6	6	6	7	9	11	13	8	6	5	9	6	9	11	14	15	10	11	16	31	36	33	56	36	44	44	48	41	29	26	23	33	37	25
35	38	36	28	24	37	39	54	37	47	29	43	41	44	44	42	43	55	50	54	46	53	40	56	41	36	53	53	49	32	38	42	54	57	34	41	59	57	49	42	45	41	40	50	48	42	33	30	49	40	53	47	41	52	56	43	45	47	42	40	50	40	46	41	37	43	40	41	44	53	51	56	40	55	48	47	56	44	60	52	58	51	46	57	44	41	52	41	36	39	41	33	48	57	56	45	54	54	38	44	43	46	48	31	22	21	5	5	13	12	2	6	6	7	10	5	5	6	8	9	11	8	4	11	6	8	5	6	6	7	12	11	16	18	27	38	63	63	57	53	50	37	38	32	26	21	20	24	17	22
46	33	24	16	23	31	35	38	46	42	25	45	41	38	42	55	39	33	47	50	33	52	51	44	50	60	46	51	42	28	39	46	56	49	55	50	59	53	48	55	56	47	47	41	38	46	46	45	49	48	44	46	69	60	43	39	31	53	44	55	41	41	42	50	35	52	40	54	49	72	56	49	52	49	50	48	51	54	52	46	37	38	39	35	36	41	30	34	36	31	22	45	41	46	46	57	49	45	54	51	43	51	49	44	37	23	15	8	8	10	8	10	14	8	8	6	7	9	7	9	10	15	4	5	10	10	8	9	14	10	8	16	12	19	22	45	72	55	63	55	52	59	42	35	31	32	27	29	16	32
35	39	35	30	21	26	26	39	43	50	40	34	37	45	46	35	46	43	47	40	38	39	46	39	48	49	50	56	42	36	35	37	36	36	48	48	41	46	51	51	42	52	45	48	45	55	41	41	45	44	40	40	48	48	42	62	53	47	39	53	42	50	39	49	37	47	55	45	38	47	47	43	42	53	55	59	44	40	46	49	39	38	46	41	41	25	29	24	20	22	20	44	41	47	51	61	58	42	44	49	56	66	48	49	40	22	13	12	5	7	8	6	9	8	8	6	10	7	16	9	11	12	7	12	9	8	6	4	11	12	17	11	10	24	41	63	77	71	47	61	56	44	43	29	29	24	27	22	18	18
50	44	27	33	35	29	30	42	35	37	39	44	34	46	40	51	48	32	47	40	45	43	45	49	38	52	37	45	45	36	37	55	32	58	43	60	56	46	58	44	51	31	34	37	51	47	44	44	41	57	55	51	51	53	58	52	48	51	53	40	44	39	47	51	42	51	39	51	53	58	49	52	58	39	48	59	52	55	48	38	32	44	43	47	35	27	19	26	22	23	42	47	33	57	48	49	55	54	55	55	40	61	54	42	28	18	12	10	11	10	7	4	8	4	4	7	13	9	15	15	14	9	14	8	10	11	12	7	11	10	6	15	16	30	51	63	60	63	70	51	52	50	34	38	36	27	24	30	30	20
41	42	51	28	42	26	35	46	47	42	51	34	42	40	48	54	42	52	48	40	39	56	52	40	43	48	33	53	60	52	46	39	39	54	51	52	59	45	46	49	40	35	38	40	29	47	41	46	35	52	50	50	34	39	44	54	54	53	51	44	53	37	53	55	54	56	57	49	49	42	40	45	47	57	53	47	55	54	47	28	45	44	51	46	36	41	31	37	44	41	36	57	45	41	40	57	58	46	53	52	52	60	54	28	35	17	7	7	11	8	12	4	8	2	9	8	9	10	9	7	10	10	6	8	7	8	14	4	9	8	10	10	14	21	42	61	67	62	71	55	55	59	43	33	38	29	19	23	26	29
48	43	35	29	26	47	43	49	27	40	41	56	48	52	37	42	45	38	44	52	43	44	38	50	48	40	50	54	41	39	45	53	58	48	53	62	58	65	48	28	24	27	39	53	45	31	36	33	55	56	43	58	65	39	41	57	59	56	47	43	38	50	49	49	61	55	53	31	43	53	47	35	39	42	45	42	55	44	44	44	62	38	44	67	46	46	35	39	45	40	44	40	53	43	52	54	53	59	53	49	50	50	49	26	23	17	9	11	15	8	6	10	8	9	4	5	11	9	7	10	12	12	9	7	12	6	7	10	13	16	17	15	11	31	55	64	71	55	52	48	65	52	46	44	27	29	18	24	16	22
45	29	32	42	35	39	38	37	31	26	37	49	39	38	49	61	38	40	43	44	42	56	57	54	57	50	46	40	45	42	47	48	60	55	51	59	59	46	36	23	29	41	58	58	44	29	38	45	58	44	50	58	55	51	34	42	47	52	50	44	31	30	55	48	51	56	60	37	40	43	41	31	47	47	58	45	38	47	44	40	54	51	51	40	49	52	52	41	41	46	36	65	49	46	51	60	55	40	51	62	52	50	42	43	26	19	17	8	9	14	12	5	5	9	4	8	7	11	13	16	6	6	10	9	3	12	14	3	9	9	10	11	20	30	57	56	88	71	56	55	54	42	42	39	29	22	24	26	18	24
44	41	33	36	43	41	39	44	36	47	33	37	23	49	40	41	59	45	54	44	54	29	44	43	38	41	48	38	30	33	25	54	42	50	50	58	39	44	24	20	39	51	55	54	46	43	42	45	52	56	47	48	53	44	31	37	49	77	44	45	34	41	44	50	53	56	45	39	35	31	37	33	58	48	47	43	58	51	49	62	42	57	50	51	37	56	52	50	45	32	50	51	42	50	56	48	47	57	40	40	52	49	43	33	18	17	6	7	8	7	8	7	10	10	9	8	9	8	11	9	7	8	8	11	8	7	6	8	21	11	18	15	22	35	50	58	59	68	60	67	53	46	30	42	25	25	23	22	20	19
44	43	41	20	42	30	47	40	36	39	28	19	26	30	49	43	50	54	62	59	50	40	42	52	41	44	54	40	27	39	37	32	48	50	43	52	36	19	36	27	31	43	45	59	57	41	41	48	53	55	46	43	59	57	35	23	43	51	50	39	37	35	50	54	51	50	54	23	27	25	31	32	47	61	42	52	44	50	43	60	50	39	37	43	40	34	35	56	58	47	41	50	67	52	65	54	52	42	49	44	61	61	44	29	21	16	15	14	10	6	9	10	11	10	15	14	11	13	11	9	6	9	9	7	5	13	15	16	13	11	12	22	30	38	39	47	54	68	51	67	42	34	41	15	24	22	22	21	14	29
40	22	17	28	32	41	47	46	30	26	16	10	27	39	39	52	41	59	39	44	35	47	41	57	53	39	27	42	30	29	38	53	54	52	52	47	48	23	20	32	51	49	55	47	57	44	40	43	55	59	48	44	51	52	40	46	40	49	48	38	28	47	59	52	49	62	51	37	36	40	41	44	47	45	60	46	37	55	51	32	57	56	39	51	51	47	44	37	36	54	43	49	55	53	54	41	54	47	50	42	58	62	53	35	24	11	15	6	10	9	10	8	5	8	11	11	14	11	8	15	2	15	7	9	3	11	9	8	22	15	12	17	29	35	31	29	46	53	54	59	36	57	33	20	17	19	26	24	27	14
34	20	13	13	29	32	46	38	28	28	21	20	23	35	44	37	49	43	38	45	52	42	49	40	54	62	45	35	32	22	37	48	52	48	65	59	37	29	33	41	60	45	47	45	34	53	40	46	55	47	42	47	54	32	48	41	42	47	65	41	43	45	43	48	48	63	39	32	34	33	50	53	60	45	47	54	51	44	51	51	33	49	44	51	60	57	74	48	43	40	49	66	61	40	41	53	34	45	51	76	54	69	74	49	31	16	17	10	8	8	12	7	13	6	11	9	7	8	13	10	9	11	3	11	17	6	9	14	4	10	16	16	22	39	44	24	42	41	40	45	42	35	33	20	24	23	16	16	13	15
16	18	13	17	19	38	28	38	38	20	20	25	26	28	37	43	48	47	53	48	38	45	36	44	52	44	44	47	38	34	33	33	52	67	58	44	29	41	36	39	48	42	52	48	50	51	47	58	53	41	40	49	50	62	51	47	46	51	41	27	37	47	37	54	39	52	36	23	18	28	46	59	60	43	48	46	46	42	34	43	48	42	48	29	43	52	45	40	48	48	58	64	46	35	29	39	35	51	51	75	62	71	76	58	16	15	15	11	13	8	6	8	4	5	6	8	8	7	8	11	6	5	12	12	11	15	11	8	15	18	17	20	21	34	37	40	36	47	38	45	32	33	29	23	24	26	14	16	16	13
24	16	22	15	18	26	39	43	47	33	20	18	32	52	41	43	38	43	46	54	47	51	53	48	44	51	40	51	43	36	43	36	55	52	57	30	33	25	33	50	51	56	62	33	44	47	45	37	52	52	42	47	47	51	52	53	48	49	59	46	34	31	24	37	50	49	31	29	29	33	47	53	45	35	55	57	56	45	31	28	27	23	30	39	40	42	58	50	45	49	39	49	32	24	25	48	47	81	73	71	73	80	76	38	10	15	17	9	15	3	4	8	8	4	6	11	9	5	6	6	11	13	14	10	10	15	13	12	11	11	13	17	42	38	37	50	38	44	33	41	43	23	29	19	24	18	16	12	15	8
21	21	18	18	20	23	36	25	42	31	23	24	33	34	48	47	50	41	48	54	62	55	50	54	47	53	50	54	38	47	54	49	54	44	34	32	33	32	44	45	48	54	45	39	59	52	50	61	52	43	40	47	46	53	46	63	69	57	61	30	35	29	39	38	39	48	38	32	47	44	48	42	29	45	50	44	65	32	16	11	21	13	28	39	44	41	43	54	44	54	57	44	31	28	32	46	97	107	105	103	91	70	73	43	25	10	16	6	13	11	10	6	7	7	3	12	11	14	9	10	11	6	13	11	14	16	12	15	16	13	17	18	43	52	47	52	44	53	51	43	34	17	20	17	19	21	21	14	16	26
37	39	20	31	41	34	41	35	41	42	40	30	49	49	52	44	43	44	41	53	57	55	50	54	37	40	46	57	55	59	43	50	42	24	42	40	41	40	37	51	55	46	55	53	48	51	49	55	35	43	45	44	64	59	51	69	46	64	42	21	19	19	20	32	30	37	36	57	43	56	49	46	33	31	44	49	40	28	16	21	12	12	25	47	40	46	45	40	52	58	56	45	27	31	62	77	128	131	142	123	81	86	75	48	15	10	11	7	13	15	16	4	4	8	13	6	6	13	11	10	8	14	13	9	8	10	7	15	15	12	18	20	55	52	51	67	44	46	50	48	32	26	29	17	16	14	10	18	23	13
22	36	29	48	36	27	33	40	37	47	33	43	31	51	42	49	47	43	50	52	48	44	48	48	53	51	45	47	48	66	59	36	35	15	26	38	47	39	30	42	42	48	40	41	50	41	57	47	48	35	51	40	53	58	61	63	48	57	43	19	16	16	19	24	25	40	41	57	44	52	48	51	39	36	48	43	35	30	24	23	17	26	43	38	48	38	59	49	50	37	61	57	40	38	56	106	165	175	134	103	86	76	74	40	23	7	6	10	10	6	14	6	4	2	3	9	3	7	12	12	11	9	6	16	7	10	6	9	11	23	16	26	44	45	58	61	51	36	34	31	26	24	14	23	12	21	22	15	9	11
31	43	44	41	42	48	40	51	37	54	46	41	47	57	56	46	52	48	42	42	65	50	40	44	42	41	62	55	39	40	52	50	17	42	36	41	50	48	35	29	29	39	40	57	58	56	44	48	51	53	49	51	52	37	48	48	59	50	22	25	38	29	36	28	41	42	48	63	52	42	43	44	51	33	54	49	31	27	21	31	21	36	44	39	39	39	45	57	47	51	55	49	42	47	92	95	127	120	127	107	69	73	59	43	20	13	15	8	16	7	8	6	5	8	5	4	9	7	11	7	4	13	11	9	12	12	9	16	10	12	22	34	46	52	61	51	44	39	38	21	33	23	21	19	20	18	11	11	13	15
56	37	42	40	45	44	54	39	47	40	43	45	49	41	36	49	52	46	46	59	50	49	42	64	51	46	50	52	53	47	60	39	40	39	52	41	58	51	29	36	42	44	40	43	32	40	47	29	40	54	50	53	42	48	50	51	60	36	41	31	42	50	45	44	53	41	49	45	52	49	51	46	54	49	35	40	43	33	39	30	42	39	41	38	45	48	46	46	43	46	49	61	46	67	61	89	109	135	78	80	74	54	56	37	17	7	8	8	11	14	11	9	13	5	4	5	8	6	7	7	11	9	8	15	6	5	17	12	13	18	28	40	36	52	52	51	40	38	38	22	29	22	17	10	11	16	11	12	9	15
32	39	45	40	43	45	48	41	39	50	38	55	46	61	44	51	40	38	57	44	44	48	44	58	52	44	66	53	47	50	35	38	45	48	51	38	51	46	44	30	37	37	39	54	43	47	33	28	41	47	54	42	62	61	52	49	43	34	41	39	42	56	51	54	44	50	48	55	50	59	52	43	46	44	55	46	53	52	49	56	34	30	38	40	43	37	46	55	60	42	58	54	48	62	78	75	77	95	95	62	59	61	47	25	14	13	8	7	14	12	6	6	6	11	12	10	5	10	10	10	7	10	7	14	6	7	12	23	14	24	35	37	49	46	41	65	43	39	30	29	12	27	22	17	19	21	20	11	20	11
52	47	54	39	49	48	39	46	46	49	36	60	49	36	41	33	38	44	47	45	49	43	38	42	57	50	47	52	37	38	38	50	40	45	40	45	51	39	35	59	37	54	56	46	41	57	35	32	36	54	40	45	52	45	51	43	30	34	40	48	56	46	47	45	51	57	61	56	53	57	39	51	46	48	57	39	33	44	47	48	44	34	30	28	36	48	44	38	63	55	52	61	60	60	67	67	76	71	62	60	47	39	29	18	18	10	12	10	4	6	11	11	7	8	7	7	12	7	17	5	9	12	12	8	8	12	12	10	12	28	25	41	47	55	58	38	48	25	24	25	22	23	22	13	20	14	16	12	21	14
45	50	33	39	50	38	62	39	52	56	48	51	35	24	38	38	39	43	40	50	41	42	43	61	51	33	51	55	44	43	33	46	48	39	46	40	40	38	46	48	43	51	49	42	52	56	53	40	37	36	53	50	49	53	48	34	20	32	38	49	50	45	50	55	39	49	64	78	51	48	42	44	49	47	55	45	50	48	39	35	24	31	24	26	30	39	41	50	45	62	46	42	46	59	66	54	54	77	72	65	36	39	24	15	6	12	13	11	11	4	6	11	3	5	5	3	8	8	9	9	6	10	6	8	7	9	10	14	22	19	35	49	54	50	45	30	34	26	28	27	12	26	17	21	11	14	16	18	11	16
49	39	49	49	44	51	57	61	47	49	60	52	49	20	26	20	24	36	45	46	52	30	50	47	34	48	47	44	48	36	58	41	57	30	47	41	55	47	49	55	44	46	36	45	42	66	52	47	32	42	47	53	49	55	40	34	33	44	50	45	61	57	38	44	46	54	68	49	38	39	42	36	44	46	60	54	47	42	33	32	28	28	24	26	41	46	43	54	39	53	56	40	44	45	59	65	61	64	58	42	20	21	20	6	10	16	8	11	5	9	13	6	6	8	11	2	9	3	7	7	6	9	10	7	6	5	7	13	17	34	38	40	44	45	48	42	33	34	23	16	19	20	15	15	9	10	16	17	16	13
51	63	41	44	44	47	57	54	47	48	65	61	50	26	14	15	36	44	44	52	44	28	44	36	50	39	62	59	36	59	37	49	49	31	42	41	48	59	38	46	38	49	59	55	49	58	58	39	39	44	42	66	55	48	29	20	39	39	51	48	50	43	46	43	49	56	56	61	33	29	22	30	44	38	54	39	41	25	22	28	43	21	22	18	27	40	34	47	56	48	53	43	37	46	48	51	68	55	43	32	16	16	17	15	20	18	13	7	10	9	6	10	8	13	9	7	5	6	2	9	7	10	5	11	14	9	8	18	20	19	42	45	44	45	41	40	31	25	30	24	25	12	20	16	20	13	17	14	12	18
45	43	48	39	51	57	54	46	41	51	52	69	46	22	16	29	28	49	42	48	46	19	34	37	38	41	52	56	48	57	38	50	60	39	50	50	45	58	61	52	37	58	38	52	44	60	48	34	41	47	61	51	57	38	26	19	42	47	42	66	57	36	52	46	55	63	52	53	33	18	18	33	36	40	47	43	26	21	30	46	57	38	31	14	25	43	39	36	62	48	35	40	36	44	56	64	70	54	40	30	26	15	9	13	9	13	9	16	6	6	12	6	7	6	8	7	11	9	6	5	5	8	12	13	9	7	20	8	18	26	47	52	58	60	36	37	22	24	25	27	23	13	19	16	9	18	14	15	16	18
44	43	51	52	42	49	56	48	45	54	51	61	47	27	24	32	42	32	28	42	21	13	13	20	29	48	37	41	45	43	44	55	42	40	46	54	47	51	68	51	60	48	48	45	52	54	54	17	25	43	42	56	35	38	19	32	44	37	49	48	41	53	42	52	47	52	44	47	32	32	35	31	53	59	57	40	26	29	42	44	53	37	22	34	27	34	42	51	44	54	34	34	37	47	49	54	56	69	43	24	19	20	20	14	12	19	11	7	11	12	11	14	9	12	9	9	1	7	6	6	8	14	9	9	8	14	12	15	22	26	47	62	57	46	54	50	17	29	23	20	19	22	15	8	19	12	14	20	20	26
46	49	42	42	63	48	44	52	41	39	69	61	60	41	23	27	38	25	26	19	11	11	8	12	23	27	35	41	36	48	46	53	41	37	27	39	58	43	51	63	67	55	28	47	41	44	34	20	31	46	47	61	30	29	38	38	48	55	40	52	61	45	40	51	51	40	59	39	46	41	37	37	42	53	40	38	23	18	30	42	47	46	47	45	40	50	41	47	33	42	38	51	57	69	57	48	47	53	24	23	15	10	19	17	6	12	10	8	8	5	11	13	10	7	5	7	9	9	5	4	9	9	8	15	10	14	11	14	23	30	37	50	54	60	38	38	32	27	21	11	19	21	17	19	14	16	6	14	7	9
48	52	47	51	45	27	44	26	51	46	67	76	56	30	16	24	20	22	14	19	7	6	10	5	9	33	41	46	53	47	41	47	46	31	46	47	51	49	63	64	45	45	27	22	22	31	20	31	15	38	40	39	27	31	34	40	46	51	50	46	53	51	52	44	69	63	39	46	55	58	53	44	35	40	41	32	29	18	31	38	53	43	52	49	38	43	38	56	50	50	47	46	58	59	65	52	66	34	26	22	17	19	10	8	11	13	11	9	7	13	8	6	7	8	4	9	7	9	15	6	5	6	15	5	14	15	12	14	19	44	42	54	46	40	45	36	32	25	28	16	22	13	21	24	20	10	13	21	22	15
44	49	46	42	47	33	36	28	44	56	44	54	41	35	29	22	21	14	21	13	12	6	6	11	12	31	44	37	47	45	49	40	45	49	47	41	49	61	56	59	50	43	25	21	18	25	18	17	16	26	36	30	28	42	44	46	49	48	54	46	46	43	53	44	66	59	43	64	47	57	41	37	47	49	48	32	24	19	30	39	58	54	41	48	56	54	40	48	56	60	43	60	48	54	51	62	54	61	41	25	24	22	18	25	21	24	10	16	12	16	7	11	14	5	9	10	9	16	6	6	11	8	11	15	6	11	11	10	25	41	44	44	58	51	40	26	23	17	29	17	21	14	18	17	10	16	14	18	14	12
53	49	52	38	56	38	36	39	46	53	52	54	58	42	29	23	21	22	26	26	16	22	17	12	13	26	40	36	53	38	42	36	47	43	48	43	60	78	52	49	58	41	37	36	30	26	18	22	27	28	26	28	42	43	43	38	48	54	52	44	41	55	39	61	48	38	62	64	52	68	47	28	24	43	38	50	29	24	33	46	47	56	49	40	47	47	64	49	50	46	46	47	49	49	51	49	61	53	34	18	24	27	22	19	28	14	17	11	10	10	16	11	15	8	10	5	13	9	11	13	15	6	6	9	7	9	12	26	30	38	43	48	38	39	22	22	22	24	21	19	17	18	16	16	14	18	19	16	12	12
51	47	49	49	50	45	47	35	49	52	48	51	46	53	30	14	24	21	29	35	30	35	27	39	19	38	35	45	47	41	32	45	52	39	49	45	56	34	54	38	49	62	49	39	27	25	17	12	18	21	27	23	47	40	40	69	48	62	41	41	36	48	64	62	58	34	52	48	57	46	45	17	22	33	20	34	24	30	38	39	50	50	50	43	50	31	63	54	41	63	45	32	53	60	46	52	79	66	35	17	20	20	15	20	13	15	12	9	9	7	9	7	4	8	12	11	14	7	7	12	11	6	18	10	14	12	14	21	31	37	45	41	37	39	42	28	26	26	22	16	25	21	20	11	18	11	17	13	16	21
45	43	42	58	53	56	40	54	40	38	43	58	64	61	35	24	17	31	36	42	40	44	41	43	43	41	28	39	50	38	45	40	36	53	51	49	46	61	27	40	50	59	46	50	34	26	15	12	15	14	19	35	42	39	49	46	51	45	61	44	47	45	50	39	48	54	50	60	57	45	21	11	13	13	20	21	35	37	44	50	47	50	51	54	50	46	44	64	62	51	32	38	48	56	49	51	57	64	38	36	21	16	23	14	19	5	15	12	12	10	4	7	4	4	11	8	16	15	11	16	10	15	12	13	9	11	20	35	43	57	55	45	33	28	28	36	30	19	23	19	20	10	20	24	12	11	14	14	13	14
50	62	48	50	51	52	59	41	38	36	47	47	45	35	24	32	28	29	39	60	33	48	45	53	42	26	45	46	52	50	46	51	46	31	45	46	40	59	47	59	68	71	58	47	30	21	16	7	13	18	31	29	33	44	52	55	39	59	49	51	45	72	44	55	67	59	48	35	38	37	27	11	8	9	11	23	36	45	53	43	39	39	50	40	35	56	49	51	51	55	44	39	56	62	61	69	65	60	60	18	21	15	17	19	19	15	14	8	9	7	9	10	11	10	7	11	10	14	20	19	24	21	22	11	20	13	23	26	48	54	52	40	25	35	33	24	37	24	19	25	14	17	16	14	20	19	16	12	15	23
50	52	49	35	43	51	52	45	44	51	42	63	52	43	44	36	34	33	34	47	46	48	48	35	25	38	44	40	37	41	59	47	36	44	52	34	38	42	48	48	63	61	77	45	34	29	11	16	7	12	29	43	47	38	46	51	50	51	40	50	61	48	55	63	64	52	23	30	37	33	38	32	20	10	15	29	41	32	39	59	51	38	42	46	52	50	59	49	48	40	37	43	48	54	53	65	57	75	63	43	25	29	20	21	11	8	7	7	14	8	15	12	10	7	5	10	15	20	21	19	23	17	11	16	9	16	18	36	33	33	47	45	48	20	30	28	26	24	23	17	20	19	15	11	18	21	19	25	13	20
51	44	45	45	53	35	39	41	48	48	44	56	49	48	37	41	40	36	36	34	32	19	30	31	24	27	45	38	44	53	56	38	53	47	41	44	35	35	58	51	66	73	69	40	27	25	22	9	15	21	28	30	35	60	47	53	50	41	51	48	47	44	43	47	45	49	35	42	42	43	50	44	32	31	27	34	44	35	40	49	53	44	51	43	44	39	51	51	39	51	44	47	46	52	49	59	64	77	66	60	32	20	23	26	9	14	11	16	4	12	13	14	14	8	9	18	15	36	32	23	19	25	18	20	22	23	18	30	34	48	39	36	41	37	34	24	15	18	19	23	24	11	23	19	16	24	24	15	19	22
53	43	44	58	48	49	37	56	43	46	52	44	47	47	53	48	48	42	51	28	23	34	20	21	23	18	47	38	27	44	46	48	58	47	45	51	53	48	51	51	75	73	55	30	21	18	19	20	17	16	23	23	40	48	47	46	45	36	38	46	48	49	40	49	49	52	50	49	54	45	43	42	45	45	50	55	42	43	45	53	55	40	44	44	36	48	47	52	39	39	48	55	44	48	47	52	54	68	69	68	40	25	19	17	8	11	8	7	7	9	7	12	6	6	13	16	21	18	26	23	28	23	17	10	14	23	25	29	35	33	38	32	30	28	26	23	26	22	12	11	22	22	15	20	27	21	31	15	17	21
49	41	57	42	47	55	47	50	51	52	47	49	48	45	39	58	51	50	33	24	33	24	23	18	26	29	27	30	41	36	43	40	52	56	40	44	43	45	59	65	63	61	46	24	11	23	32	28	23	19	14	22	39	40	44	43	37	50	44	42	55	48	62	49	43	39	34	37	51	45	43	49	49	50	41	41	50	57	48	46	47	43	26	21	31	43	33	39	48	50	53	51	47	56	51	54	67	75	87	66	41	27	14	10	6	6	4	8	10	14	9	6	14	15	29	26	21	28	30	23	17	18	19	20	20	17	25	24	32	44	47	46	31	44	26	23	18	23	24	18	16	27	23	22	27	20	31	23	26	26
54	40	40	44	47	49	43	58	43	39	49	46	47	41	51	37	41	39	40	41	43	33	22	16	21	30	33	42	48	41	48	59	45	62	56	34	60	55	52	55	64	52	27	17	25	18	33	35	36	21	17	15	24	41	52	50	47	57	36	56	46	61	48	41	49	45	50	43	47	57	35	51	44	57	46	45	37	44	48	55	50	31	20	25	46	44	63	45	46	57	50	50	51	44	50	45	63	64	77	56	37	19	5	11	13	10	4	9	8	6	7	14	12	19	10	20	31	29	28	25	25	17	12	14	15	23	18	43	39	40	46	21	26	26	21	21	25	22	24	14	19	20	29	31	25	32	26	22	21	21
43	53	56	49	48	51	44	55	41	37	36	47	40	42	57	44	49	44	49	44	61	41	31	24	21	26	46	40	46	34	36	34	50	47	50	40	48	42	64	53	58	50	21	23	29	34	41	34	46	28	24	11	32	25	39	29	52	52	50	45	42	44	56	59	44	63	41	45	49	48	46	53	58	40	41	46	38	56	34	46	33	26	25	40	45	60	53	45	47	54	61	54	51	57	45	50	57	68	59	54	28	12	20	6	13	14	3	13	7	8	12	11	10	17	16	19	22	33	22	16	14	11	13	17	19	21	23	38	41	40	33	31	31	31	24	27	30	19	20	30	30	28	27	29	18	25	30	31	22	31
37	41	47	40	50	21	33	46	49	47	40	45	40	52	50	37	64	46	40	50	44	32	32	28	27	32	42	48	36	46	48	42	31	33	45	43	57	45	52	64	41	31	23	44	45	51	45	58	42	45	37	22	16	21	34	42	52	50	43	37	33	48	50	55	40	38	67	49	45	43	34	47	60	47	57	63	45	36	36	32	16	27	30	42	54	49	53	56	48	62	56	60	59	56	58	53	83	61	77	63	28	17	7	8	11	8	12	9	7	7	13	6	6	11	12	11	16	14	10	8	14	12	11	18	19	18	25	34	38	43	43	30	35	32	19	36	17	20	26	18	25	22	29	31	27	23	31	21	31	26
41	47	43	53	45	39	29	44	60	42	52	52	41	41	42	43	40	32	50	51	46	38	45	42	35	39	41	41	52	57	50	23	29	31	45	47	45	42	48	48	53	38	43	49	41	49	43	48	37	30	33	25	22	28	41	47	45	44	40	23	28	37	41	37	57	41	39	37	50	50	50	60	63	56	54	42	37	25	15	17	17	28	47	42	61	54	51	46	51	49	47	59	48	59	63	39	75	54	63	55	38	17	5	9	13	7	5	7	12	6	6	6	11	9	5	15	16	9	11	17	11	17	15	17	24	24	30	24	36	30	29	24	33	25	32	24	29	23	22	29	26	39	25	27	26	21	39	20	29	26
39	48	51	49	47	37	45	54	42	42	49	45	59	41	46	49	45	38	48	33	29	49	38	36	27	51	52	37	43	42	33	42	27	33	41	59	40	51	54	48	48	37	58	40	56	60	52	49	46	16	22	28	33	35	39	54	58	48	22	25	26	42	35	41	37	44	44	46	38	55	46	50	59	52	50	28	27	26	18	10	21	26	49	58	58	58	49	68	43	70	47	43	53	44	44	48	62	64	70	55	16	14	11	7	9	12	11	10	6	11	12	11	17	15	17	11	12	13	15	13	20	13	14	18	22	21	18	41	40	49	35	36	36	26	28	27	31	20	35	27	26	40	23	36	32	26	38	33	26	30
47	49	51	38	54	34	41	60	36	39	35	38	44	41	48	44	53	54	53	57	46	47	55	38	44	40	47	52	51	51	46	30	33	43	41	44	52	51	50	49	53	48	57	52	51	43	60	44	34	22	25	37	38	53	50	58	45	20	16	21	20	36	41	48	43	45	38	40	57	60	48	50	69	56	29	28	17	20	14	22	27	40	39	51	51	55	44	45	52	58	44	44	54	61	61	55	77	86	78	60	14	15	10	11	9	9	9	5	10	11	13	8	14	7	13	11	14	13	5	11	16	25	20	13	21	14	26	37	45	46	42	31	27	41	22	26	39	39	33	25	28	32	34	20	45	32	40	32	42	34
37	62	38	36	54	45	53	54	40	54	51	60	48	48	54	39	34	37	56	41	45	55	39	45	29	42	59	50	42	47	45	46	40	35	39	41	48	48	38	33	52	52	53	48	55	57	54	32	23	17	28	48	59	49	71	50	48	31	16	13	17	33	36	47	41	41	40	53	56	59	60	60	55	65	39	18	25	12	15	25	36	38	56	44	53	49	56	50	45	59	38	42	58	54	69	61	72	75	96	63	26	12	15	10	8	9	11	7	6	8	6	9	9	13	9	8	11	11	13	9	10	15	15	24	25	24	23	34	49	52	42	27	31	38	31	40	31	31	32	18	43	39	39	36	45	33	51	26	29	49
41	39	51	33	42	37	49	45	44	54	65	40	40	47	28	31	33	48	40	43	31	53	44	50	42	41	39	56	54	47	49	47	45	41	47	48	43	46	44	42	52	35	58	46	64	51	32	31	25	25	43	52	54	73	61	52	33	21	16	8	16	13	25	43	34	50	44	48	52	58	65	62	43	53	42	33	19	20	12	24	27	45	33	44	52	54	53	63	59	26	37	63	53	59	68	54	83	67	83	48	16	15	15	14	10	6	6	6	8	9	8	11	6	7	9	7	12	15	8	17	18	14	16	17	18	20	26	47	50	45	43	37	32	32	31	31	35	29	44	32	29	50	36	34	32	40	39	45	35	38
44	41	45	57	47	44	41	52	40	59	41	41	37	31	20	18	24	46	34	49	38	35	48	37	37	51	47	36	49	37	41	37	45	40	56	41	56	51	41	71	50	39	60	57	56	46	31	24	14	19	38	55	57	60	56	36	36	27	14	11	15	15	19	34	47	54	50	56	42	41	56	63	58	57	31	18	14	11	20	18	39	35	52	46	60	68	51	46	42	26	37	45	53	57	53	58	74	68	58	29	24	14	13	7	6	4	4	9	7	8	11	12	8	4	11	7	14	7	9	17	15	17	20	19	27	19	29	43	51	51	41	42	40	34	39	27	32	41	48	42	44	53	48	44	45	51	50	44	47	49
44	46	47	46	48	43	52	50	39	58	50	38	39	47	29	16	25	33	47	43	35	40	36	49	48	48	43	44	43	34	60	50	45	49	40	49	41	48	40	49	56	59	52	58	56	34	26	21	18	18	41	43	72	52	41	26	29	21	17	16	11	17	16	27	39	46	54	50	34	40	47	58	70	52	34	24	23	22	17	15	34	53	41	53	43	41	35	30	24	28	32	52	53	61	55	52	87	80	53	31	16	13	14	15	8	9	8	14	12	9	13	6	10	5	12	13	5	11	6	9	14	12	20	22	24	34	26	21	48	50	29	46	47	30	34	38	43	60	39	47	44	35	39	55	36	49	43	44	50	53
40	37	35	48	41	46	45	50	59	44	44	52	42	41	30	17	22	46	53	57	52	38	33	41	41	48	47	34	35	32	40	49	54	55	43	51	44	47	41	48	68	63	55	68	52	39	21	10	12	23	42	38	59	60	33	33	29	21	10	13	8	21	39	43	47	59	69	45	45	42	61	58	52	42	17	21	21	19	18	12	31	28	36	34	35	27	25	25	24	23	55	45	70	61	59	73	65	54	33	18	15	10	10	7	8	6	9	7	6	16	7	12	7	9	12	8	11	13	11	15	18	18	29	21	39	30	39	38	51	63	42	39	32	49	51	45	49	50	57	47	65	66	40	52	34	46	56	50	54	44
53	45	41	51	45	48	41	49	41	54	50	58	48	56	44	32	23	42	42	38	41	43	37	48	49	55	56	44	41	43	35	56	44	42	39	45	40	34	44	51	61	41	57	59	46	40	22	18	27	36	46	56	57	50	49	36	33	41	20	14	17	24	37	50	52	42	57	49	42	45	49	38	32	27	23	14	22	22	16	25	23	19	23	31	28	14	12	6	29	37	57	43	57	51	66	77	57	52	26	13	16	9	12	9	9	11	13	12	10	8	7	5	8	11	11	10	10	14	13	17	24	24	20	21	30	37	31	43	47	49	45	51	43	47	54	45	44	52	48	57	67	49	62	45	50	46	56	68	47	56
