37	50	44	30	46	40	44	44	40	60	29	20	27	18	20	26	31	35	37	33	39	48	45	51	46	39	30	23	39	19	23	41	31	29	29	31	20	28	25	42	41	49	35	44	36	53	56	40	42	44	47	41	42	49	39	33	36	47	43	38	54	48	48	51	44	44	52	45	46	36	39	46	58	39	46	48	50	49	37	39	44	39	46	37	29	39	28	36	39	42	23	30	40	51	43	58	37	50	40	34	41	34	31	27	23	47	48	41	25	35	28	29	32	34	31	26	32	37	31	45	50	45	44	48	51	35	49	50	43	22	21	13	12	14	10	8	2	4	3	2	2	1	0	4	1	1	1	1	1	0
44	37	53	27	55	47	39	50	40	53	40	26	21	23	22	31	33	48	55	39	40	44	47	46	41	39	31	30	27	38	21	42	31	28	20	19	17	22	34	35	46	56	43	56	56	50	48	44	40	42	56	44	49	53	30	37	50	37	57	46	43	59	55	44	45	53	50	38	47	58	40	45	49	35	44	40	35	47	33	49	47	44	30	43	41	42	39	42	37	38	29	26	38	44	43	59	46	55	39	48	35	42	22	29	31	29	42	31	30	36	29	20	29	46	33	25	31	26	32	30	46	26	54	37	42	45	42	44	31	31	20	14	11	4	11	8	3	4	3	4	1	1	1	0	0	0	1	0	0	2
51	47	51	52	41	48	45	59	29	40	24	19	15	18	26	43	47	39	53	44	43	58	51	61	30	42	49	23	19	28	26	34	29	40	43	24	27	23	43	38	46	54	44	57	51	47	42	44	55	48	47	40	40	43	36	42	43	35	38	46	55	54	43	38	45	39	50	56	46	56	55	58	63	45	45	38	52	39	38	62	46	34	33	30	36	36	30	42	27	36	28	27	36	31	53	58	47	41	36	38	42	35	22	21	22	30	24	33	25	30	33	30	48	33	31	25	21	36	30	44	36	48	43	41	52	46	45	49	32	22	23	16	8	16	6	4	3	2	2	2	4	3	1	0	1	1	0	3	1	1
39	53	52	41	43	40	50	46	39	35	31	23	16	31	36	27	37	42	37	59	46	58	50	43	48	38	27	19	33	40	32	30	32	30	24	32	31	41	43	44	39	37	37	37	45	47	51	35	51	52	46	39	32	48	35	47	38	41	36	43	52	53	33	40	53	45	56	57	40	48	48	32	41	48	35	35	38	50	39	41	46	41	41	41	42	34	36	39	35	38	28	40	45	45	44	51	42	38	46	45	29	30	19	13	30	26	36	29	21	32	40	34	44	39	35	30	22	35	33	25	44	47	50	41	49	46	41	25	24	16	16	23	7	12	5	5	5	2	4	1	0	2	2	3	1	0	4	0	1	0
51	49	48	47	54	44	44	50	50	30	28	24	31	25	33	39	39	44	44	44	55	49	66	40	42	32	26	25	50	32	42	28	29	38	38	39	33	33	36	39	39	41	31	44	37	41	45	44	36	52	45	38	39	27	40	39	47	41	56	53	53	48	54	46	43	35	38	55	43	41	44	44	57	48	53	40	29	39	42	44	31	39	35	41	39	43	50	28	35	38	28	38	37	50	48	37	43	41	44	30	34	23	29	25	23	32	25	34	31	42	42	39	36	32	31	36	26	28	31	45	49	47	45	35	37	32	29	43	35	23	19	16	13	9	7	3	2	1	3	0	1	2	0	1	3	3	4	0	3	0
47	48	48	47	57	40	44	35	46	31	27	36	16	30	31	32	49	45	44	48	51	54	45	48	46	45	31	26	32	37	43	34	35	37	31	33	47	41	40	33	52	44	44	40	34	26	35	35	35	30	39	36	35	29	32	29	45	51	59	51	42	47	44	55	49	37	43	36	45	49	55	54	44	65	36	30	37	49	41	43	48	33	42	38	40	42	49	26	28	34	26	35	50	40	48	28	45	40	42	32	29	30	27	26	29	23	23	34	25	49	44	39	34	34	22	28	26	24	36	47	40	42	42	39	37	30	29	24	33	19	20	19	15	6	7	0	0	1	2	1	0	3	0	3	2	1	3	2	1	0
51	45	36	46	43	45	47	37	39	33	31	32	29	28	42	26	42	59	48	51	43	43	45	42	43	38	41	41	35	42	34	37	38	36	35	34	51	33	27	42	32	48	43	30	42	25	27	37	29	29	32	26	32	38	34	31	33	41	51	53	51	64	43	46	51	44	52	38	49	50	66	65	37	44	30	31	30	40	40	31	50	39	44	38	28	39	41	35	36	44	30	43	31	42	58	45	57	55	44	37	28	35	32	30	28	29	17	22	40	42	36	43	42	42	30	25	22	33	32	39	36	44	35	36	36	32	23	23	24	27	29	18	13	6	3	2	1	2	1	1	0	0	1	8	2	2	3	1	1	1
36	44	38	36	42	43	34	34	38	38	29	31	26	34	27	34	27	42	41	62	50	52	46	50	41	39	32	39	34	38	28	31	33	39	50	40	42	41	42	35	45	26	38	31	14	31	22	25	19	25	39	34	41	37	42	30	41	42	42	50	43	57	57	53	37	38	45	40	43	49	46	37	40	53	42	39	33	23	40	35	37	38	48	46	38	39	51	47	47	33	44	41	41	42	46	54	45	51	46	35	44	21	40	35	23	31	30	34	47	52	31	51	46	26	44	25	25	32	28	34	41	36	40	40	34	35	31	30	30	23	21	16	9	8	3	3	2	2	3	2	3	2	0	3	1	4	2	4	0	1
28	35	37	34	44	38	34	33	45	29	34	29	23	32	27	27	47	45	33	47	37	43	49	50	45	52	35	41	41	41	27	35	35	42	35	48	32	47	41	33	36	39	42	29	28	19	30	35	38	23	38	38	41	43	46	44	34	36	42	54	54	53	43	47	49	56	46	49	39	42	40	38	47	52	32	37	35	44	38	44	43	48	46	36	34	39	36	40	33	42	47	38	48	52	53	55	40	48	47	52	36	27	30	32	27	37	26	48	47	35	61	59	43	34	22	34	23	30	36	34	47	44	40	31	44	43	30	33	29	19	17	15	10	9	3	2	3	1	1	1	3	1	0	1	2	0	0	2	0	1
35	34	25	45	36	36	39	36	44	46	26	31	22	20	18	32	31	40	40	41	43	49	36	42	41	38	35	38	36	30	35	47	44	39	50	46	32	53	45	39	46	30	25	27	26	33	24	34	34	38	25	40	49	43	46	46	48	45	46	41	47	50	54	43	45	37	35	50	49	59	52	28	45	27	31	40	26	40	36	35	35	41	47	34	48	40	48	53	39	56	52	43	54	40	55	37	56	43	45	33	46	45	37	32	35	26	37	48	39	58	52	39	48	37	32	34	35	34	32	31	29	40	34	47	31	32	34	30	18	16	15	6	7	7	3	4	1	3	1	1	1	1	2	3	2	1	1	5	3	1
37	26	32	36	49	39	42	43	32	36	48	36	33	22	20	19	26	26	31	37	33	37	38	31	42	39	29	31	25	28	31	33	45	24	34	37	33	35	33	41	45	39	47	25	15	23	35	42	35	40	45	53	41	50	44	59	40	39	40	38	51	45	44	39	44	51	35	58	50	52	41	39	32	31	32	22	43	33	32	34	39	38	40	37	42	39	46	59	47	41	50	51	47	48	51	62	40	52	55	35	26	38	39	35	44	29	32	37	32	50	46	48	52	31	35	43	50	47	44	34	45	47	32	35	44	42	22	24	16	21	15	7	6	9	2	2	2	0	3	1	2	3	2	5	1	0	4	1	1	1
35	37	28	35	47	27	31	36	25	30	34	21	29	20	20	26	37	25	21	29	37	36	28	37	33	38	37	28	28	22	28	37	30	47	47	30	40	42	33	44	33	32	36	41	36	33	27	30	39	40	58	35	38	40	40	45	44	33	46	50	48	43	58	38	37	61	36	42	41	45	40	37	41	32	23	30	32	31	38	43	32	33	31	39	44	39	45	46	57	50	33	45	55	59	40	46	41	54	48	29	38	36	38	34	48	28	46	48	45	42	39	43	32	35	39	36	49	41	32	46	40	32	43	46	42	41	35	27	21	21	10	6	4	4	2	4	1	3	3	0	2	4	1	3	0	1	3	2	5	3
30	33	33	40	29	28	35	29	20	33	33	47	23	21	23	22	19	23	21	20	26	31	32	36	26	29	26	24	24	21	23	27	28	38	40	43	36	33	36	30	41	42	37	38	28	36	29	35	43	36	45	31	42	52	31	34	31	33	32	35	45	43	35	36	62	45	52	45	39	37	37	43	30	36	31	26	31	24	23	35	32	47	45	28	49	35	39	52	44	50	51	64	48	49	50	48	56	49	44	39	46	32	33	37	37	31	34	45	44	31	41	45	37	44	46	49	42	42	50	54	42	33	38	39	38	25	32	25	15	11	7	9	5	8	8	7	3	2	1	4	1	3	2	2	2	3	3	0	1	0
31	25	26	28	33	20	16	31	29	30	26	31	27	21	23	22	19	15	19	17	12	18	15	27	16	17	16	17	19	26	29	19	40	49	22	28	36	24	26	21	30	37	33	39	32	27	42	26	38	32	35	30	35	24	31	40	26	38	31	37	42	43	47	44	35	45	45	43	42	34	28	25	29	28	27	31	26	30	35	24	21	36	44	38	41	47	33	47	58	38	59	62	44	48	44	60	49	47	36	43	36	35	45	43	33	35	45	34	49	39	40	28	46	49	41	57	51	40	44	37	56	28	37	40	32	38	29	25	18	6	5	9	6	8	4	4	2	0	0	3	0	1	1	0	3	1	1	1	3	1
31	42	33	23	24	20	28	20	28	29	35	34	31	27	22	22	16	15	9	14	11	13	19	21	22	13	13	14	19	25	30	25	36	29	33	28	23	27	27	23	28	42	30	26	25	33	31	30	43	40	28	30	33	28	29	21	31	30	48	35	39	42	42	44	36	35	49	34	36	41	34	36	19	15	23	27	25	25	33	28	34	39	42	41	45	46	52	43	33	59	51	45	54	54	38	43	52	41	44	45	41	47	42	36	37	57	45	41	38	60	39	38	50	51	46	31	42	38	40	43	55	45	36	36	29	36	17	20	16	12	4	7	4	7	2	4	1	2	1	1	2	0	0	2	3	1	1	1	3	1
33	28	29	23	22	28	27	27	18	30	28	33	50	33	32	22	12	9	17	19	16	7	8	11	11	15	19	12	18	21	31	37	26	26	25	16	13	14	27	20	29	32	25	26	18	36	39	52	28	46	30	18	22	10	14	13	22	35	32	29	39	33	40	58	42	32	48	28	43	38	29	30	20	14	17	18	29	38	39	30	23	31	28	40	37	43	41	31	48	46	36	55	50	43	35	50	40	51	48	33	52	31	40	36	46	38	47	39	55	48	37	42	41	55	48	49	39	51	41	52	33	37	35	19	26	16	24	14	8	5	8	4	8	4	4	1	1	1	3	2	1	1	2	1	0	1	1	1	1	1
37	41	34	31	29	30	26	41	18	33	25	33	36	38	26	25	17	9	10	7	8	12	9	13	14	10	10	12	18	26	34	23	21	20	15	20	10	13	21	23	25	28	36	23	18	25	29	40	33	34	23	18	18	14	7	8	20	24	38	31	46	34	43	38	38	36	33	41	38	29	32	25	28	20	26	27	32	31	32	37	33	25	32	28	46	39	45	57	56	54	34	41	40	43	46	44	39	57	46	46	63	34	52	44	39	48	36	47	55	52	71	51	48	39	44	45	49	51	54	26	37	29	31	21	11	14	17	15	11	6	10	5	2	4	4	2	2	1	0	1	3	0	0	3	0	0	2	1	2	1
34	48	38	43	32	38	25	27	29	32	39	45	27	35	32	25	15	6	10	3	17	13	17	17	20	12	13	16	23	30	39	29	18	26	18	16	12	17	25	22	20	22	26	23	31	32	36	29	37	29	20	10	14	11	8	16	20	18	26	30	43	43	48	51	54	37	36	32	48	37	33	29	34	19	31	28	27	46	34	41	26	24	41	44	42	41	40	47	39	47	54	29	42	37	45	43	47	44	56	46	40	30	31	28	40	54	40	55	44	46	46	56	41	51	46	51	31	50	38	25	28	21	15	15	14	11	10	8	5	4	3	6	4	2	5	2	0	2	2	1	0	0	0	1	1	1	2	3	0	1
23	33	29	33	27	33	27	22	28	33	34	28	36	32	32	27	15	12	11	17	22	21	26	20	22	23	19	23	25	40	32	23	13	28	15	17	23	27	18	24	31	25	30	38	26	53	32	34	31	36	39	25	17	18	11	17	17	25	17	28	36	32	61	44	48	47	48	54	49	43	32	31	26	38	39	42	40	44	34	36	24	35	33	37	41	46	41	51	60	35	45	31	31	32	37	57	51	60	61	44	41	35	33	53	48	65	49	47	48	56	44	52	57	44	35	41	37	32	29	27	26	8	16	10	8	17	6	6	2	3	2	3	5	5	3	3	2	4	2	3	1	0	1	1	0	1	1	0	1	2
42	25	39	34	23	25	24	34	29	43	32	42	31	46	27	21	20	9	21	20	28	33	35	33	23	22	18	23	34	35	29	31	14	18	18	31	22	29	31	32	36	29	33	37	33	44	21	35	39	32	38	24	19	28	24	14	13	19	15	30	41	38	38	46	39	36	47	49	39	46	42	40	33	38	32	33	37	40	37	35	38	41	43	41	51	33	43	43	48	48	43	34	37	29	36	50	55	51	63	42	38	55	53	53	51	39	36	38	46	41	46	55	35	50	42	41	42	42	42	30	16	5	11	7	7	3	2	4	8	5	2	2	3	7	2	5	3	3	0	1	0	2	0	2	3	0	0	0	0	0
35	32	38	35	19	31	35	32	37	44	36	40	35	31	24	27	17	17	25	27	20	39	45	39	26	25	25	30	34	35	29	26	25	24	18	32	39	27	31	32	38	17	40	55	39	48	31	28	26	45	21	33	29	22	12	21	16	20	25	22	44	48	49	45	46	56	52	46	46	43	41	45	30	45	45	53	39	35	43	39	38	38	36	50	47	58	57	46	49	40	40	30	40	36	40	43	42	49	40	33	41	38	52	39	37	44	45	49	55	44	46	45	55	44	35	42	44	37	32	35	11	12	12	4	7	4	4	6	5	4	0	2	3	3	2	1	3	1	1	0	2	1	0	0	3	2	2	0	2	0
31	39	33	32	32	31	32	41	39	40	45	50	40	31	32	22	15	22	48	33	38	42	31	49	29	33	25	28	32	35	34	34	26	23	27	27	34	38	46	43	40	42	31	40	35	45	38	38	30	23	28	29	27	24	33	31	29	34	30	27	33	40	45	54	48	43	45	51	36	42	35	40	45	46	39	45	28	44	24	43	51	38	29	44	49	42	44	40	38	47	43	35	41	50	50	43	43	59	44	47	38	44	46	45	38	51	45	49	62	42	44	51	47	41	49	42	43	41	19	26	18	8	12	6	7	4	3	5	0	6	2	4	3	4	2	0	1	3	3	0	3	0	1	1	1	2	1	2	3	1
22	28	28	27	25	42	36	50	37	57	36	47	41	35	26	19	27	22	36	39	37	40	33	32	38	36	33	38	37	36	25	31	24	32	35	42	29	42	37	54	50	34	37	38	33	39	37	22	27	33	35	38	38	46	44	25	33	35	39	26	27	46	43	34	35	44	57	50	39	41	40	46	43	35	46	48	33	39	33	36	45	38	41	36	35	39	43	43	51	41	56	48	46	55	55	40	57	35	47	48	33	51	48	41	47	47	47	44	45	53	38	41	49	47	33	36	41	25	29	24	19	16	10	2	3	4	4	6	3	1	1	3	0	1	2	4	6	0	3	1	0	1	2	2	0	0	0	3	1	2
25	23	27	27	37	45	41	45	47	39	44	52	41	34	38	29	23	45	48	50	34	41	35	44	51	50	42	38	25	25	39	28	26	42	38	49	40	38	50	44	34	48	42	49	46	34	32	33	31	36	37	33	45	30	27	37	43	39	31	36	41	39	33	43	38	51	43	46	47	38	37	39	47	47	38	46	33	37	40	50	37	47	42	37	29	42	42	32	53	34	51	38	38	49	56	46	55	45	49	56	34	32	32	38	40	56	53	48	50	52	46	44	33	45	47	41	38	34	26	25	11	7	8	7	3	5	4	3	7	1	6	3	4	4	1	3	2	1	0	0	2	2	3	1	1	1	3	0	1	1
22	27	36	40	37	49	46	47	53	54	42	53	33	27	44	47	38	40	44	21	42	40	40	37	34	33	38	37	33	28	32	34	39	38	42	40	55	40	52	61	45	59	43	40	34	33	21	21	42	38	39	43	46	35	34	39	27	53	38	37	35	47	32	29	32	39	35	45	45	48	48	51	53	37	42	32	27	39	38	43	41	41	44	42	44	46	44	40	46	55	35	48	59	47	62	50	58	38	34	37	42	48	45	43	57	44	55	53	37	56	43	37	41	43	51	35	35	25	23	34	21	13	14	8	8	4	4	7	6	1	1	2	1	6	3	2	0	5	3	1	1	1	6	1	3	0	2	2	1	1
30	29	29	32	44	39	36	46	32	46	39	49	43	46	50	41	42	36	40	44	28	28	36	38	38	36	33	44	32	35	40	33	35	36	58	48	45	49	53	51	30	44	46	52	45	37	33	41	25	31	41	34	51	43	39	39	29	41	34	40	51	33	30	34	43	40	45	57	53	51	38	38	44	38	37	52	36	41	37	36	51	44	46	50	44	43	50	43	45	58	43	47	39	58	39	44	57	42	36	31	45	47	59	46	37	46	48	61	42	55	35	36	34	44	52	26	28	25	32	18	22	18	10	9	2	6	8	6	2	4	1	5	1	2	3	2	2	1	3	4	4	1	0	1	3	1	5	1	2	1
26	27	46	47	37	41	43	34	32	46	40	36	42	44	46	44	26	46	39	31	36	34	42	38	38	36	32	31	30	28	41	39	32	40	45	57	44	48	42	51	53	44	42	47	33	29	24	40	35	35	49	38	33	33	37	40	39	44	36	33	32	23	43	38	38	39	53	48	54	46	45	50	39	48	51	55	54	48	45	43	48	48	52	46	35	47	34	35	48	44	49	54	36	39	52	51	41	38	35	39	36	31	43	31	44	47	45	54	55	52	56	43	44	46	49	45	27	28	33	28	16	13	9	12	7	4	9	2	8	2	1	3	2	2	1	0	3	1	2	0	0	2	1	2	1	3	1	0	2	3
47	37	40	43	43	35	40	34	29	40	43	52	53	43	32	46	33	36	43	25	20	20	35	29	39	38	34	30	27	42	35	32	29	41	42	51	40	50	38	46	49	46	40	41	35	41	24	25	30	39	38	49	38	42	44	35	27	29	36	38	36	38	41	51	49	49	54	39	41	49	40	49	41	56	54	43	49	39	47	43	31	39	36	41	40	44	46	56	42	46	48	54	51	52	35	42	40	45	51	46	43	42	45	39	43	54	39	44	44	46	32	45	46	41	46	46	25	26	29	18	21	16	15	13	12	3	3	8	8	5	4	1	0	1	4	3	2	1	1	1	2	2	1	1	1	2	2	4	1	4
46	44	42	47	38	34	44	51	38	38	46	52	47	50	41	30	43	36	30	28	25	33	32	39	24	25	17	23	28	31	28	29	43	37	42	50	44	53	47	42	36	41	43	42	34	31	28	38	46	44	40	34	40	33	44	47	42	39	40	37	28	41	42	34	55	48	43	42	40	46	35	39	41	64	52	70	46	52	37	52	32	53	36	41	45	37	39	46	50	40	40	54	36	48	45	48	47	40	56	46	49	47	48	44	53	52	56	46	52	43	38	43	40	43	45	32	30	33	22	23	26	10	18	12	7	2	5	2	6	8	5	3	5	2	3	3	3	1	1	3	5	3	3	2	2	3	2	2	1	4
58	51	43	33	43	37	34	28	35	39	37	42	44	32	45	27	36	30	17	23	19	29	30	34	30	30	30	26	37	25	37	40	46	44	46	51	45	54	47	50	57	40	37	41	21	31	38	29	32	35	48	37	48	36	51	42	35	48	37	41	50	36	47	33	46	41	56	43	57	58	54	56	46	41	46	49	52	40	42	32	36	39	35	44	46	53	32	45	53	43	51	40	57	45	37	48	56	42	39	49	44	55	66	48	46	42	53	55	41	44	34	38	41	50	30	30	37	25	25	21	26	10	11	13	12	11	7	3	6	0	1	4	4	2	4	4	1	3	2	1	2	1	1	3	0	2	2	1	1	1
50	55	27	30	41	31	23	29	41	49	33	44	36	21	36	52	35	32	21	27	31	41	32	37	28	28	33	27	29	32	45	37	47	39	38	54	43	35	43	46	36	32	32	36	30	25	31	34	29	34	27	35	39	39	43	43	34	30	41	30	42	48	45	39	50	49	51	45	42	44	52	39	54	37	57	45	37	40	35	35	47	44	40	34	35	39	47	48	50	49	44	36	60	61	37	45	33	49	41	54	42	51	48	47	58	52	53	46	51	52	46	42	34	38	42	38	47	29	26	15	15	9	11	15	13	10	7	5	4	7	5	5	2	5	6	4	3	1	1	2	2	2	3	1	1	1	2	1	1	2
36	39	19	39	29	38	34	22	30	37	22	40	40	31	31	41	31	27	23	24	25	34	30	36	21	28	26	34	42	49	38	44	54	35	50	33	46	53	48	35	45	38	31	32	25	37	33	40	33	37	39	54	42	44	28	42	31	38	37	31	41	39	49	31	46	31	48	53	47	34	42	52	42	39	43	47	34	47	37	48	42	36	35	46	47	43	54	44	42	53	54	50	55	42	45	48	31	55	44	37	47	52	49	52	47	53	43	60	39	34	39	39	45	45	44	38	28	40	25	16	15	15	16	17	12	14	14	8	6	5	2	10	7	12	0	3	2	0	3	1	2	2	0	2	1	2	4	4	2	0
33	35	26	34	29	33	30	32	57	44	23	36	45	37	45	33	21	35	26	26	25	24	30	36	39	37	34	43	32	39	40	40	37	34	54	43	42	50	50	45	33	43	32	42	33	29	29	26	38	29	39	48	57	38	32	39	40	35	30	54	56	45	36	46	35	50	50	55	48	44	47	52	41	43	60	45	41	41	40	39	33	39	41	41	47	50	46	46	32	42	39	48	43	49	34	44	40	42	33	30	39	40	35	31	54	37	51	47	43	45	42	39	40	42	42	45	46	36	35	24	19	16	17	18	15	12	4	5	4	7	3	4	10	4	10	4	0	2	2	1	0	2	4	3	0	1	1	2	3	2
25	29	23	37	30	28	39	44	44	42	42	42	36	44	47	32	39	35	33	36	36	49	36	41	26	26	43	40	42	48	35	40	41	33	39	33	40	36	36	28	36	29	37	42	45	31	15	29	32	28	38	46	43	51	40	31	33	38	30	40	33	44	48	48	51	51	36	46	55	44	48	44	48	50	37	40	59	36	37	46	36	42	41	48	51	43	43	34	47	31	32	39	45	39	31	40	40	28	43	34	44	42	35	42	44	40	40	42	40	31	32	29	32	37	44	49	29	42	45	28	24	15	16	20	16	10	5	5	5	7	7	6	4	3	1	0	2	2	1	2	1	1	0	0	4	2	3	2	2	2
15	18	25	37	28	27	34	32	45	47	46	45	45	46	32	47	34	32	48	22	37	28	46	40	40	42	33	38	44	49	36	49	39	32	37	39	33	33	31	45	38	45	36	34	43	33	32	25	29	38	28	41	37	41	46	21	36	37	29	45	47	37	37	38	44	57	52	48	45	31	50	44	38	49	50	45	39	43	32	26	36	42	34	35	32	45	38	37	50	40	39	38	43	41	30	42	30	36	40	31	31	36	32	42	33	37	48	36	46	36	33	38	41	36	46	49	52	38	50	53	31	23	33	34	19	11	4	2	5	5	1	3	3	6	1	2	3	3	1	3	2	0	1	1	2	1	5	3	2	1
23	17	16	30	27	24	35	44	52	56	41	53	38	32	36	49	43	43	47	34	30	46	45	37	49	39	55	35	52	39	42	36	29	41	38	28	31	28	36	31	28	30	36	42	43	29	28	25	26	34	40	33	33	42	40	35	36	44	48	45	32	35	41	37	51	43	49	61	46	38	46	43	58	42	37	43	29	33	38	28	32	38	36	39	38	37	36	58	55	42	53	37	42	31	42	35	39	34	33	42	34	44	35	38	31	41	45	42	36	36	31	29	35	38	44	41	35	45	44	44	33	28	26	29	16	11	8	3	6	0	4	8	5	5	3	7	2	2	1	0	2	0	1	1	3	2	0	1	1	4
26	34	19	30	34	33	48	36	34	37	52	39	48	44	39	37	36	44	31	33	34	39	34	41	45	40	46	49	38	43	49	36	39	18	18	27	28	29	21	27	29	33	41	33	37	37	39	45	36	43	29	34	34	27	22	34	34	46	29	29	34	49	42	56	35	45	47	53	48	63	45	46	62	34	36	36	36	37	23	40	38	35	29	37	40	39	49	47	54	37	45	45	38	40	46	34	41	37	38	36	37	40	33	32	35	43	34	32	42	33	32	35	36	43	44	49	40	40	53	42	33	30	34	32	21	6	5	5	4	6	6	3	5	1	2	4	5	2	1	0	0	0	2	0	3	4	3	4	6	0
24	21	24	20	26	40	33	37	36	42	46	48	37	45	52	47	36	31	37	33	35	36	35	51	46	47	39	48	47	50	39	42	30	19	31	23	21	17	11	24	29	28	35	44	39	52	41	34	42	28	39	33	30	39	29	28	40	42	42	37	50	53	51	44	46	49	52	40	55	59	49	46	49	36	33	31	25	40	24	22	25	36	33	35	48	38	44	43	46	43	47	38	41	36	42	55	29	35	28	42	32	55	41	37	34	45	36	40	28	38	25	39	37	39	45	40	31	47	50	33	33	41	31	21	19	10	8	10	3	4	4	8	2	4	7	6	2	2	0	1	0	0	2	1	0	2	4	3	1	2
30	20	26	21	31	38	30	34	52	46	46	54	33	27	38	32	54	45	27	26	36	52	39	51	45	37	33	40	40	41	48	44	24	23	28	12	12	13	12	19	28	33	32	43	51	39	47	34	40	33	42	35	42	39	45	35	32	41	46	44	55	37	36	43	63	43	30	56	45	48	54	41	37	44	41	41	22	24	21	26	32	30	33	32	53	38	49	53	52	41	38	49	53	35	45	43	38	39	30	38	43	54	40	51	45	40	31	33	43	29	35	48	36	26	42	48	42	33	57	46	47	43	26	15	8	9	7	4	3	5	5	3	5	4	4	1	3	3	0	0	2	3	0	3	1	2	8	2	2	0
14	29	24	20	27	38	28	37	39	51	42	50	38	45	40	42	49	41	40	39	42	37	30	47	39	45	45	51	45	40	35	45	24	26	30	13	15	11	12	17	30	32	36	43	42	52	55	39	32	33	48	45	31	49	45	36	49	50	38	41	34	32	36	42	43	53	57	48	41	39	48	55	50	30	23	17	13	17	17	27	30	24	28	48	45	44	49	49	41	39	38	38	42	34	44	49	36	31	31	34	31	50	43	35	39	41	42	46	39	42	34	36	46	41	37	33	35	47	51	41	50	44	38	17	8	9	10	6	7	8	6	4	6	3	2	4	3	1	1	1	1	1	5	2	1	2	3	3	1	0
20	13	11	21	26	33	40	45	40	35	49	51	37	57	54	40	49	49	39	42	37	43	31	53	39	45	47	49	37	47	32	36	20	21	26	21	12	19	16	19	27	43	35	54	43	58	58	52	46	40	57	26	41	40	42	46	48	42	29	35	50	28	31	43	46	42	45	51	49	36	50	42	28	32	31	31	21	17	26	27	33	28	41	39	49	55	38	40	44	45	45	27	41	37	36	32	39	38	28	46	38	42	35	40	47	45	37	45	44	43	44	57	29	35	41	47	35	48	42	37	37	41	28	17	13	9	4	6	5	7	5	3	2	3	1	3	1	3	0	1	1	1	3	2	4	0	0	4	3	2
12	18	19	28	33	41	46	48	42	51	30	33	47	44	38	33	43	31	27	39	35	41	40	32	30	47	44	41	43	46	44	38	27	32	23	30	33	26	27	27	44	54	41	42	50	41	46	60	50	44	48	33	43	36	28	43	58	38	40	37	28	45	42	41	42	54	45	46	54	44	36	37	24	21	23	18	24	30	30	39	39	36	32	50	44	44	45	40	62	29	45	37	44	24	29	23	42	47	39	46	40	34	46	41	39	43	50	46	52	48	40	44	44	33	44	36	46	46	46	61	42	24	11	20	14	9	9	10	2	5	1	1	3	3	3	1	3	4	1	1	1	3	4	3	1	3	4	1	2	1
15	21	29	38	33	40	48	38	46	39	51	51	50	43	65	54	40	39	26	26	42	40	38	40	43	42	34	28	38	38	40	37	25	35	19	32	33	31	37	31	42	57	50	45	47	45	41	49	49	40	38	40	37	41	38	30	44	37	38	38	57	37	39	44	42	48	37	53	39	27	40	34	30	25	26	35	26	32	40	25	42	46	49	51	43	51	46	45	41	38	34	34	30	28	43	31	30	28	42	39	27	44	40	42	52	63	69	41	37	36	40	52	43	37	37	47	29	44	35	45	35	30	13	15	12	8	10	7	7	5	1	0	2	2	1	0	1	1	1	2	1	4	3	3	4	3	2	1	0	1
32	29	34	37	48	44	35	46	55	53	35	49	43	47	45	39	52	32	30	32	40	48	32	38	44	41	42	40	38	34	30	40	39	46	40	37	37	40	40	42	52	48	49	61	55	55	39	52	44	53	51	49	36	12	37	42	41	54	53	43	37	39	34	37	38	46	41	43	39	29	33	38	26	35	32	40	47	32	41	42	45	54	49	51	41	49	41	38	39	32	29	27	33	40	34	25	22	28	31	28	32	39	39	44	57	40	59	46	44	45	36	45	43	45	39	40	48	48	41	46	41	33	8	14	12	9	8	5	5	4	2	3	3	1	1	1	0	0	1	1	2	3	3	2	4	0	2	1	1	1
31	31	41	33	43	45	40	37	47	42	52	42	50	56	54	42	54	40	48	44	34	45	40	41	39	49	52	33	31	33	32	33	43	34	42	45	42	40	41	41	43	47	44	51	53	46	52	46	51	41	47	37	23	40	35	36	43	39	38	39	48	58	63	39	35	47	42	32	38	38	42	45	41	46	46	39	34	38	59	48	55	45	31	54	43	42	57	40	36	38	47	38	45	34	41	29	36	26	44	42	37	50	39	54	50	41	39	43	42	47	28	51	49	37	48	49	47	44	51	37	24	27	16	12	15	13	6	7	5	7	3	4	1	1	5	1	2	2	0	1	2	2	5	3	2	1	1	2	1	0
34	38	40	33	42	57	40	28	47	39	49	45	47	55	53	46	54	36	40	39	43	46	27	25	51	51	39	27	42	41	43	36	42	42	41	49	35	41	43	55	43	45	38	48	59	47	60	52	49	47	39	42	33	30	41	39	38	52	50	40	44	51	42	41	38	31	29	27	43	41	40	60	41	35	43	52	43	47	55	51	52	39	50	42	51	41	44	41	41	39	39	44	40	32	33	35	33	38	26	37	48	42	48	58	57	43	48	51	34	50	52	41	48	42	55	48	53	40	41	38	38	23	15	10	12	13	4	8	9	2	0	2	3	2	2	2	1	1	1	0	2	3	2	4	3	2	0	5	5	1
35	36	40	36	38	36	30	34	42	58	49	45	44	64	48	54	46	41	41	48	46	44	44	55	43	40	44	45	37	38	37	47	35	30	51	39	47	48	47	54	49	43	54	45	57	49	46	41	47	36	44	48	42	37	49	44	38	39	46	47	48	46	43	36	32	46	36	46	47	56	46	38	39	46	48	36	42	47	50	49	41	35	45	60	46	39	32	42	44	45	42	45	37	49	33	42	35	40	43	34	39	59	44	51	42	51	45	40	36	44	43	48	37	45	60	67	48	42	44	36	26	20	12	16	14	17	5	8	5	2	3	3	5	1	3	2	1	1	2	2	2	0	2	1	1	3	4	1	1	1
40	40	42	33	34	32	31	42	49	54	47	49	46	38	57	36	43	39	32	47	46	45	42	61	29	44	33	44	41	45	37	35	45	43	38	47	49	43	39	53	50	51	42	37	42	40	47	47	53	48	46	50	36	36	41	44	38	35	38	39	60	48	37	36	40	39	37	47	49	41	58	56	37	28	44	38	48	53	31	40	43	37	32	35	41	36	45	42	46	52	51	39	49	37	42	34	39	33	37	42	39	44	44	51	36	36	49	45	61	41	46	38	32	51	48	48	54	41	31	27	29	11	12	7	9	9	6	1	1	1	2	2	1	3	3	0	3	2	1	2	1	1	2	0	3	5	1	1	0	0
51	46	27	44	48	27	47	47	45	45	46	51	43	37	41	51	41	45	36	40	36	44	50	38	41	34	34	45	44	39	33	38	30	40	50	49	37	46	38	50	35	44	52	33	39	31	47	44	30	46	32	49	41	36	35	57	52	42	48	42	44	45	38	40	46	46	37	35	49	46	50	37	38	40	29	41	49	40	45	45	36	37	50	44	42	35	46	43	46	45	55	29	46	43	43	30	43	34	50	32	40	41	55	43	52	35	43	45	40	43	39	46	40	55	44	49	41	41	40	28	24	18	11	6	16	8	3	8	5	6	0	2	1	4	4	2	2	1	2	1	0	4	5	0	2	2	1	1	0	0
41	45	34	42	37	41	46	55	48	54	44	36	52	50	53	38	51	38	51	31	38	42	54	40	40	46	41	48	29	33	36	43	33	42	40	37	37	41	48	47	34	37	32	22	40	36	36	37	36	39	40	37	35	28	51	45	41	38	30	37	42	45	52	37	50	51	42	61	59	46	43	55	33	33	34	44	50	32	31	17	42	33	39	30	47	53	43	48	38	39	39	48	42	40	33	45	45	43	35	34	42	45	36	42	40	42	39	36	35	33	44	35	37	49	43	40	50	46	37	37	34	15	22	14	11	12	7	2	0	3	3	3	1	0	1	1	1	1	2	2	1	1	0	4	2	2	3	0	0	0
39	34	36	44	49	48	50	45	47	40	38	41	49	42	42	50	37	38	36	43	35	45	49	44	50	32	48	47	40	31	36	37	39	41	43	40	42	40	35	33	33	31	36	33	34	32	34	43	45	44	33	23	21	27	31	35	34	39	43	40	42	38	45	42	44	47	47	43	41	51	42	37	32	28	30	26	25	34	35	34	36	27	31	39	46	42	30	49	40	44	46	33	45	26	30	54	49	31	39	32	40	47	54	39	54	48	45	37	49	31	35	48	44	54	46	50	46	48	47	41	32	23	17	15	6	7	4	1	3	3	1	1	1	3	0	0	0	1	2	0	2	0	1	1	1	1	2	0	1	0
43	32	36	38	50	53	42	45	56	50	37	33	43	56	46	53	45	35	32	42	37	43	50	39	40	48	42	29	43	43	46	36	45	32	42	41	27	33	27	20	12	19	24	23	19	29	24	40	44	41	41	30	43	39	21	37	41	49	39	44	44	36	43	44	52	48	41	48	49	43	57	44	36	25	38	29	28	33	42	38	42	27	42	46	44	27	36	28	37	46	42	41	45	44	30	36	32	39	29	40	41	58	36	44	46	43	44	39	31	29	49	38	52	49	51	48	46	45	38	41	37	13	11	8	8	4	1	1	2	1	1	3	3	3	0	1	1	1	1	1	2	0	0	2	1	1	0	1	0	0
29	32	34	45	37	40	59	36	34	48	44	51	51	56	34	54	53	39	47	33	47	39	51	42	34	43	43	45	33	44	47	36	42	26	32	28	21	22	21	16	17	10	18	14	17	37	33	36	41	26	33	35	22	25	30	38	33	30	36	49	45	47	46	45	40	57	34	42	44	53	42	29	19	16	24	28	30	35	30	29	35	37	27	41	41	39	25	46	42	31	36	47	39	42	37	35	33	42	37	52	41	40	39	46	42	45	54	68	43	40	40	60	53	54	35	45	51	55	36	39	24	13	6	14	2	3	5	1	4	3	1	2	1	1	0	1	2	1	2	3	1	0	1	2	2	1	2	1	0	0
32	40	40	43	37	48	38	53	49	37	48	49	48	44	48	36	40	47	46	27	35	41	43	27	49	31	38	45	34	41	40	37	38	37	29	25	21	24	17	9	7	6	9	25	11	27	30	31	43	39	31	29	21	20	28	31	44	50	50	47	47	51	46	44	45	41	47	44	47	48	28	39	22	30	31	29	28	29	24	23	23	20	30	32	25	27	26	33	19	41	37	29	30	37	45	38	28	42	52	36	41	46	41	55	46	58	44	49	44	42	58	46	46	38	49	42	54	53	32	47	23	6	16	8	5	5	3	3	0	2	3	4	1	1	2	3	5	2	3	1	3	1	1	1	2	0	0	0	1	0
46	47	26	32	38	35	40	54	50	50	38	45	46	37	45	36	26	36	38	33	29	38	49	43	54	45	40	43	33	44	43	34	42	25	19	26	13	20	8	5	6	3	9	7	11	30	36	37	49	35	29	26	28	26	16	36	46	33	39	45	57	38	47	40	60	34	41	46	37	37	26	34	32	31	41	33	31	17	37	22	17	24	19	33	31	28	34	23	29	26	44	43	40	50	44	50	48	47	35	42	44	35	49	52	55	49	42	39	44	39	58	47	58	38	48	60	50	54	42	42	33	11	7	11	7	5	7	3	2	0	0	1	0	1	4	1	2	0	2	2	2	1	2	1	0	1	1	0	1	0
46	29	36	39	50	44	48	44	40	32	38	33	32	36	38	37	35	30	18	41	41	25	30	32	28	28	36	40	36	38	35	30	38	28	21	19	16	11	4	5	6	10	9	19	21	31	33	42	38	38	36	22	18	28	28	30	42	37	49	34	39	49	51	47	53	40	50	47	42	51	30	18	25	30	23	22	21	18	23	16	16	16	13	24	21	31	35	34	28	29	19	42	41	50	36	44	46	42	47	34	50	44	42	50	37	37	42	38	47	46	61	45	52	46	50	40	55	49	41	32	18	17	9	3	6	5	2	2	2	1	1	1	4	0	2	1	2	0	0	2	2	0	2	4	0	4	1	0	0	0
43	45	30	37	44	37	27	33	51	31	50	37	41	40	29	27	34	31	31	41	28	37	31	29	38	35	29	42	52	27	44	36	31	25	23	14	6	10	9	6	7	12	13	17	19	33	33	37	40	32	35	35	34	22	40	41	41	45	40	37	46	49	53	61	39	43	36	38	36	26	37	23	26	36	34	29	29	24	13	8	19	23	13	14	20	34	33	38	24	28	24	42	45	34	38	40	51	46	38	42	44	49	40	34	35	42	58	52	45	61	40	48	50	38	54	52	55	40	47	34	23	15	11	5	7	4	1	2	1	2	2	2	1	3	0	1	1	2	0	1	1	1	1	0	0	0	0	0	2	0
43	38	39	37	38	42	24	27	42	29	35	23	35	38	33	30	29	20	35	41	38	35	33	28	38	34	40	39	29	49	43	28	22	15	21	13	10	8	5	4	5	9	12	22	29	28	41	36	49	42	42	45	40	42	42	59	41	53	45	55	46	36	33	45	53	42	44	41	37	35	21	26	19	27	28	25	27	23	12	17	13	17	16	22	16	28	42	35	35	26	28	37	38	49	44	35	41	38	49	42	53	47	53	47	35	34	42	46	52	49	50	50	56	53	37	38	46	49	30	30	18	7	8	5	3	2	1	2	2	0	4	1	1	1	3	2	1	0	4	2	3	0	2	1	2	2	0	0	0	1
51	35	45	44	42	39	39	26	32	39	27	36	31	48	27	26	28	33	39	44	45	42	40	43	40	29	34	26	41	29	34	44	27	18	20	9	5	8	9	10	10	9	28	30	33	41	43	42	38	34	29	39	41	38	53	35	37	50	45	41	46	40	47	59	39	45	30	44	30	25	16	23	15	27	21	21	15	14	22	10	18	11	10	14	28	22	38	31	29	39	31	38	50	40	39	48	47	45	45	45	58	53	38	40	53	45	38	47	47	64	45	50	41	44	51	39	47	36	34	24	20	16	8	6	1	2	2	2	1	2	0	0	2	0	1	0	1	0	1	4	3	2	1	0	3	0	1	0	0	0
47	46	47	53	49	34	32	43	45	30	24	28	31	23	29	39	23	40	39	26	45	39	49	38	40	24	27	38	26	53	40	28	27	25	16	5	13	7	9	9	7	11	20	27	36	30	34	45	44	47	53	49	56	43	33	40	33	64	49	49	47	43	46	48	40	36	32	31	23	32	14	18	18	18	23	25	21	19	12	13	12	8	14	15	9	22	34	32	41	40	35	24	42	30	37	38	44	39	35	54	49	41	43	35	60	53	51	53	46	42	55	58	50	47	57	41	33	35	23	10	16	10	14	6	3	1	0	5	1	2	3	2	0	3	0	2	0	2	1	1	2	1	0	3	0	1	2	1	0	0
42	45	41	60	38	40	46	33	35	42	37	29	38	38	46	23	39	33	43	38	40	30	30	35	37	23	24	42	36	34	39	31	33	32	23	19	12	15	15	15	15	14	25	44	40	54	43	30	46	45	46	41	47	46	53	35	62	39	43	34	31	44	44	34	39	50	42	25	26	30	13	11	13	17	20	19	14	18	14	11	11	4	10	6	14	24	42	31	29	40	32	40	34	26	27	29	37	40	47	57	49	52	41	41	38	42	62	44	42	47	40	41	44	44	45	39	47	25	24	26	17	7	7	5	0	3	5	1	3	1	0	2	1	2	2	2	1	1	2	2	2	4	3	5	1	1	0	0	0	2
39	60	53	55	41	54	45	37	44	36	34	31	34	42	50	31	32	46	45	53	57	68	37	38	31	32	36	32	32	20	41	34	26	33	21	21	15	22	21	20	22	24	18	35	50	33	48	48	41	55	46	51	57	51	42	56	40	36	43	46	40	46	41	35	40	43	37	23	25	16	11	15	15	17	15	30	20	13	17	10	10	14	12	11	10	29	33	37	41	41	45	31	30	25	22	29	31	27	46	52	49	51	48	48	51	53	48	56	48	45	50	45	43	47	44	61	33	30	26	18	8	9	4	8	2	2	4	0	1	4	2	1	3	0	4	1	0	2	0	3	1	4	0	2	1	4	0	0	0	1
43	57	45	47	53	51	52	49	37	47	43	28	36	35	46	43	45	41	50	45	34	47	32	37	36	25	36	33	35	36	32	38	36	38	37	22	28	33	32	19	32	34	42	39	40	46	47	43	43	50	55	48	45	53	50	59	47	51	54	48	38	29	39	35	33	37	27	22	23	21	19	17	5	15	16	17	13	18	14	7	7	9	9	10	24	29	26	37	37	39	39	36	30	26	32	28	45	46	50	62	61	61	46	44	50	46	50	59	52	39	48	44	47	37	45	47	33	31	21	13	12	6	5	6	7	6	2	4	0	2	2	2	1	2	2	1	1	0	5	0	1	0	3	0	3	2	1	2	1	1
58	33	51	43	49	50	52	40	51	46	55	43	60	48	43	40	40	49	47	41	51	43	41	42	33	35	33	28	32	27	38	42	39	27	18	30	31	45	40	37	28	29	48	36	38	55	52	47	52	49	53	42	50	60	42	53	45	44	58	38	39	33	58	43	42	40	27	25	24	33	23	17	26	23	30	27	21	15	16	9	10	7	8	12	22	32	29	42	32	40	38	44	38	33	29	26	41	26	47	41	38	47	51	55	59	41	44	45	44	57	56	50	47	40	44	41	51	28	17	14	8	6	4	3	2	6	2	2	1	3	2	1	1	1	1	3	2	3	5	2	2	2	1	0	1	2	0	2	0	0
51	58	59	56	42	51	58	47	46	49	52	42	41	34	45	40	36	49	51	46	40	42	46	34	38	30	40	43	40	35	50	39	41	34	33	28	33	43	36	38	44	43	41	41	47	33	48	50	42	45	53	40	53	48	53	33	53	41	37	45	36	40	37	44	36	42	28	19	22	31	21	15	28	31	28	36	24	9	11	5	9	9	14	15	31	39	50	45	30	27	31	33	34	40	32	30	25	39	37	46	56	55	59	56	52	46	42	42	52	37	37	50	35	43	48	45	64	31	10	8	11	9	5	5	4	3	0	2	2	0	0	3	3	1	2	2	3	0	2	2	1	1	4	2	1	2	2	2	0	0
56	58	39	37	55	56	57	40	42	43	57	48	36	43	35	56	41	46	57	38	45	33	40	52	39	24	36	27	27	44	35	37	48	46	29	34	44	45	31	35	32	38	37	61	45	67	53	39	46	50	47	57	68	46	46	40	39	45	31	45	58	46	43	48	38	25	27	28	32	33	25	35	27	25	36	26	23	18	16	9	5	8	9	15	23	32	49	36	33	40	37	33	42	41	40	37	37	42	47	42	46	46	44	44	43	51	50	39	41	46	32	57	39	48	40	30	37	32	12	8	7	9	4	3	4	1	3	6	2	3	2	5	2	0	1	1	1	2	0	2	0	3	0	1	1	3	2	0	1	2
58	50	51	55	41	49	44	45	54	48	43	54	34	50	54	48	51	45	45	39	35	35	35	40	42	52	32	34	39	44	38	46	43	40	40	52	40	44	45	63	47	50	38	48	61	45	44	53	51	53	41	45	54	57	46	52	46	37	31	53	44	45	28	40	33	33	38	45	33	47	37	32	35	45	34	35	34	24	17	14	10	6	11	15	28	34	36	35	39	42	47	40	37	29	42	34	35	43	51	46	53	46	45	39	35	41	41	37	53	51	39	51	42	28	28	34	31	28	14	14	10	9	3	4	2	5	2	1	4	1	2	2	3	2	2	7	3	1	0	2	3	2	3	2	1	3	0	2	1	0
38	51	49	50	58	43	42	33	55	52	42	52	46	48	47	54	47	48	43	38	45	34	46	40	24	43	35	41	30	30	37	33	38	34	36	54	43	43	42	52	51	43	44	35	45	49	40	59	46	46	47	43	43	44	42	46	44	45	55	46	47	47	41	43	40	61	55	48	40	34	35	36	41	47	42	35	34	16	24	15	15	16	10	20	28	35	26	39	30	36	27	26	35	38	35	44	39	25	50	50	49	44	49	45	36	41	48	41	37	43	49	46	42	27	24	45	24	16	18	8	11	10	5	1	0	0	8	3	5	4	0	3	0	2	1	0	2	0	3	1	3	1	1	2	3	1	2	0	1	0
46	41	34	54	54	47	67	47	45	48	45	49	57	53	40	49	46	62	57	41	46	41	38	36	33	33	33	39	29	41	36	23	32	47	36	47	41	55	47	54	42	51	35	46	45	38	46	31	38	47	42	62	48	43	55	54	60	39	49	48	46	48	37	48	43	43	38	61	45	42	34	46	51	40	47	47	38	35	33	18	14	11	19	16	36	38	37	48	42	38	38	42	38	29	33	38	37	31	60	36	45	40	43	55	44	48	45	44	50	50	38	46	30	32	25	28	18	24	15	8	5	4	3	3	1	4	0	2	3	1	0	1	3	1	2	2	1	1	1	4	1	0	0	1	2	2	0	0	0	0
40	53	59	38	51	47	47	56	47	46	48	56	44	42	51	60	51	52	38	41	38	48	44	50	29	45	46	33	34	33	37	32	28	34	43	44	43	47	46	44	49	51	50	35	39	45	42	49	42	43	49	48	40	48	51	45	39	69	54	47	52	47	65	47	38	47	54	44	53	52	61	40	62	43	50	39	41	34	33	22	18	15	25	26	35	42	26	37	48	35	26	24	48	46	39	30	37	39	46	43	40	50	42	53	43	49	50	53	44	42	52	41	39	31	26	20	23	17	1	7	8	3	6	4	2	2	3	1	0	3	3	1	2	0	1	1	2	1	1	1	2	0	1	1	1	0	0	0	1	0
55	49	50	46	55	49	48	58	55	52	60	41	45	51	42	53	45	60	42	51	48	54	45	49	36	50	45	43	40	50	40	32	36	38	41	41	48	53	47	42	38	41	34	38	42	45	52	53	41	53	36	42	46	47	48	34	48	37	47	59	57	53	52	53	59	53	66	53	46	48	50	47	44	35	42	51	40	42	40	14	20	18	29	33	38	39	44	31	37	31	16	32	29	25	41	40	24	40	41	38	44	46	36	38	40	49	38	45	54	44	47	39	31	28	31	15	16	14	12	7	4	5	8	7	2	5	2	5	3	3	6	1	3	4	1	1	2	1	4	1	0	1	1	1	1	2	0	1	0	0
50	44	63	47	45	63	43	56	46	50	36	52	35	48	46	59	49	58	43	37	47	72	53	50	52	46	44	37	32	47	38	21	34	41	48	36	39	48	38	30	52	49	34	41	34	43	45	45	43	35	44	42	47	40	47	36	48	55	52	41	51	48	44	45	43	40	61	47	48	56	56	51	43	53	53	51	31	42	37	33	21	17	39	34	52	38	43	46	35	37	22	27	22	31	33	30	32	29	31	36	54	45	51	48	40	46	43	47	46	49	41	46	41	28	22	21	11	12	9	4	0	2	3	5	2	3	3	2	2	5	2	0	0	1	2	1	1	1	1	1	0	1	1	3	0	1	2	1	0	0
55	48	43	42	54	44	55	49	43	42	47	56	38	41	56	46	50	50	41	47	41	49	42	45	48	52	30	36	42	35	37	33	45	41	56	49	50	29	44	33	39	31	17	33	32	39	32	58	47	36	45	40	47	35	30	42	49	52	46	49	53	56	52	36	45	43	43	52	44	48	42	60	52	46	37	33	44	42	31	30	21	23	36	40	28	33	51	41	37	23	23	23	28	26	17	32	27	36	39	32	31	38	47	52	45	49	48	31	56	51	37	37	34	25	31	21	10	12	4	6	4	6	7	0	4	1	6	3	1	1	1	1	0	0	2	0	5	2	0	2	2	2	3	0	1	2	0	1	0	0
52	48	41	51	59	46	34	53	61	45	40	39	40	46	40	55	50	42	47	51	59	44	41	39	42	33	27	42	39	43	43	40	23	36	38	28	39	39	53	33	25	27	20	24	26	42	38	57	37	44	35	43	43	47	46	43	38	38	50	56	61	44	44	49	47	51	43	48	46	60	60	49	42	48	45	40	37	46	35	30	32	21	40	33	43	48	36	46	41	32	22	31	22	27	18	30	37	33	48	39	32	52	41	61	45	51	37	47	58	54	44	49	43	37	21	25	12	11	8	10	9	6	3	7	3	3	0	3	3	3	1	2	2	3	4	3	2	0	0	0	2	3	2	2	0	2	0	1	1	0
42	39	40	60	48	47	44	39	41	39	44	31	38	50	44	38	48	58	47	48	45	53	48	51	42	27	44	25	50	41	36	31	39	42	29	35	35	38	35	25	28	15	21	16	28	36	34	49	49	50	36	41	49	41	46	40	44	43	28	48	37	48	55	43	48	48	50	66	52	51	56	48	39	49	42	34	36	39	32	35	15	22	22	28	29	36	44	40	29	32	47	30	26	19	21	27	32	41	41	35	45	38	49	51	47	41	46	48	39	47	46	38	39	40	16	22	13	19	8	5	6	8	4	2	2	0	1	1	0	1	3	1	3	2	2	3	5	2	5	0	1	2	1	0	1	1	1	1	0	0
38	40	39	49	51	52	51	43	37	34	35	36	38	50	42	60	43	48	38	42	63	44	48	41	32	34	21	38	35	42	44	37	25	24	21	26	31	31	24	24	18	12	11	22	29	30	49	40	29	28	44	36	41	50	49	51	53	39	45	34	58	60	49	40	62	61	49	50	46	55	27	49	50	41	38	32	24	43	35	31	22	32	23	36	34	35	43	46	34	38	28	27	25	19	27	27	45	31	60	34	40	50	38	46	50	56	65	57	48	50	44	39	29	45	25	11	16	14	14	7	2	4	2	4	3	1	3	1	4	1	2	1	4	1	3	4	6	4	1	2	0	2	2	3	1	1	0	1	1	0
40	44	35	42	43	36	55	47	36	45	35	40	31	44	46	41	60	52	51	51	47	40	48	38	36	19	29	45	43	53	48	37	36	20	19	30	23	22	26	11	19	12	12	34	24	36	58	52	42	31	31	43	33	43	35	45	42	37	46	48	39	61	40	47	52	43	49	54	55	52	33	55	31	29	22	25	27	35	31	24	25	29	17	27	33	35	36	46	43	35	35	34	38	30	27	28	41	38	47	38	46	36	41	58	70	47	35	51	47	43	52	50	35	25	18	7	19	11	5	5	6	4	6	3	5	2	2	1	3	1	0	5	0	5	3	7	5	7	6	2	2	2	1	2	1	0	2	0	0	0
45	43	31	47	53	42	58	56	36	38	40	38	53	38	39	49	54	59	44	46	54	51	51	36	25	29	32	31	43	40	41	32	42	32	21	29	24	24	8	3	8	13	19	24	34	46	30	50	41	38	38	39	41	45	34	39	37	45	47	52	51	48	42	53	38	42	59	50	52	49	40	39	42	25	20	21	19	30	27	20	24	23	31	28	31	26	35	30	30	26	26	28	22	27	37	36	32	28	42	36	51	46	53	52	53	57	57	52	49	50	49	44	50	32	19	19	9	15	7	10	9	3	4	5	4	0	1	3	3	2	3	2	2	5	3	6	6	4	0	3	1	0	2	4	1	2	0	1	0	1
51	46	46	46	33	55	44	39	44	42	52	38	43	39	48	39	52	52	44	50	50	48	36	40	25	43	45	41	46	45	41	41	36	30	28	21	23	16	10	13	10	18	21	24	32	50	39	53	43	42	38	31	33	28	43	44	29	32	50	53	50	39	51	54	42	48	42	58	26	48	52	42	32	26	19	14	26	31	23	32	23	15	18	18	31	45	44	21	38	27	26	23	15	21	36	39	41	43	41	31	53	45	56	37	40	43	61	44	52	42	53	46	32	31	27	21	15	17	5	16	4	5	3	2	1	2	0	3	2	0	4	3	4	1	2	5	9	6	4	3	1	2	2	0	2	1	1	0	4	0
41	41	42	35	38	45	51	53	50	40	37	43	37	33	46	45	52	46	52	32	47	39	34	29	49	40	46	45	43	42	43	35	29	23	22	20	26	9	11	12	14	19	39	42	33	46	41	35	46	41	24	37	49	44	41	47	44	31	38	41	48	48	49	39	46	44	47	48	37	39	36	33	34	21	23	5	18	18	35	19	31	18	24	32	36	30	29	18	31	14	25	15	24	29	31	39	32	36	34	53	52	63	45	63	57	55	49	50	50	49	50	52	34	20	26	20	24	15	11	10	3	7	2	6	2	2	5	1	3	1	3	1	1	3	4	2	2	0	1	1	0	2	1	1	2	0	0	0	0	2
29	40	44	42	38	48	58	52	50	46	47	46	49	45	47	41	41	33	45	47	50	39	40	28	48	47	40	51	50	48	45	49	32	30	23	19	18	11	12	15	23	31	31	41	38	47	41	40	48	40	31	32	41	37	35	39	41	43	33	31	42	46	49	48	34	57	37	56	45	43	42	27	30	11	8	14	20	20	17	25	20	24	37	36	40	29	29	23	22	13	19	19	18	30	44	39	48	51	50	42	50	43	44	46	44	58	35	59	40	54	43	39	36	22	26	28	21	15	21	7	7	6	3	2	4	3	1	2	3	1	1	2	2	4	4	2	2	0	0	2	1	1	1	1	0	0	0	0	0	0
29	48	32	37	39	38	48	34	36	38	33	50	45	45	47	42	35	40	32	55	40	45	41	43	44	43	47	26	45	40	49	37	29	41	25	18	23	16	20	24	26	32	25	45	45	53	48	40	42	43	35	27	42	34	32	32	26	37	36	35	27	33	34	38	37	56	48	44	60	35	41	25	17	13	8	9	18	16	22	31	35	30	32	44	31	24	26	9	13	10	9	15	23	28	39	55	48	45	45	44	47	56	49	49	51	54	51	42	53	36	40	46	38	26	24	21	17	18	11	14	8	2	11	3	6	1	1	1	1	0	0	2	1	1	4	2	3	4	0	0	1	1	2	1	1	1	0	0	0	0
39	36	34	35	39	54	42	39	43	51	54	42	46	42	26	38	39	41	39	43	44	53	36	49	49	39	46	36	45	44	33	39	50	30	27	15	16	12	21	20	32	45	48	47	41	37	42	47	38	42	32	35	34	36	49	46	39	39	39	35	39	33	36	51	29	50	51	44	37	42	38	31	25	13	10	12	17	26	25	31	24	47	42	35	47	40	24	25	21	15	15	16	16	36	60	51	47	56	42	49	53	39	34	44	43	49	62	44	46	39	54	37	35	30	24	17	18	26	14	10	14	4	10	3	1	1	5	2	2	1	2	0	0	0	4	4	3	1	2	3	1	2	3	0	1	0	0	1	0	1
30	37	32	42	30	27	48	44	44	42	46	43	42	44	31	36	42	35	37	38	41	38	46	42	43	45	42	38	41	37	47	34	30	28	22	22	18	18	20	26	32	49	46	48	38	55	42	29	36	41	49	40	54	48	33	36	46	46	50	51	38	32	38	48	48	47	49	50	42	38	39	38	22	25	16	18	20	19	21	34	41	47	30	36	35	37	31	26	28	16	22	24	30	36	32	52	43	57	39	50	56	45	49	48	58	45	61	47	33	46	39	42	24	18	17	20	17	14	13	7	8	4	7	2	0	2	3	0	1	2	1	2	2	1	2	2	1	2	0	2	1	1	3	4	0	0	1	0	0	0
30	39	29	36	37	43	41	45	39	50	58	46	42	43	40	35	44	37	38	48	55	43	53	50	44	44	43	50	29	32	41	37	32	32	24	14	19	17	21	36	33	34	48	48	48	40	51	29	42	44	40	50	43	23	51	57	46	37	39	44	38	41	42	43	54	37	40	53	37	39	42	32	25	21	25	15	16	22	24	29	41	41	38	35	43	32	29	31	26	13	16	32	48	51	31	53	39	43	54	52	50	47	44	49	39	48	46	45	51	42	43	44	36	32	30	16	20	14	11	7	12	4	3	3	2	2	5	1	1	2	2	3	0	1	0	1	3	1	0	2	0	2	0	4	2	1	0	0	0	0
33	33	36	39	39	46	44	56	38	36	37	32	41	45	50	32	37	39	39	45	50	45	45	41	47	43	53	42	38	37	29	28	25	21	15	11	28	17	30	31	49	40	40	33	48	57	48	40	45	41	51	37	53	46	45	38	48	50	47	49	40	38	41	49	51	49	48	45	51	42	55	48	38	36	30	34	23	24	31	38	38	45	47	43	40	45	40	41	24	32	32	46	39	43	58	40	43	53	53	55	54	52	46	54	59	61	47	46	45	53	47	35	32	29	25	18	12	11	8	7	9	2	2	2	1	1	2	4	2	3	4	2	2	0	1	2	2	0	1	1	0	1	1	2	2	0	0	0	2	0
25	29	31	30	44	38	44	41	27	32	39	46	27	31	40	41	33	35	35	37	45	59	48	38	45	52	43	33	37	33	32	23	30	18	17	16	26	33	29	35	44	46	42	51	28	32	41	43	58	47	42	39	46	54	34	47	36	45	43	49	49	45	33	45	33	46	41	42	46	52	51	42	43	41	19	34	29	24	37	47	47	43	43	51	45	38	40	30	29	28	41	49	48	32	52	43	53	43	45	48	48	47	41	58	36	58	50	52	52	39	47	23	28	24	22	17	10	14	6	8	11	5	3	3	1	2	1	5	0	2	2	4	0	0	2	1	6	1	1	2	2	1	1	2	0	0	1	1	0	1
27	27	39	27	40	31	26	30	36	47	34	45	31	41	37	24	21	37	28	47	40	29	48	40	39	41	37	41	30	33	23	25	25	27	31	23	28	21	27	27	44	37	41	32	42	40	34	55	35	42	42	38	52	40	35	45	56	40	43	45	37	38	36	37	38	36	43	45	44	47	55	48	40	54	31	27	33	41	27	37	50	49	33	38	29	31	34	47	50	37	50	48	51	44	40	63	53	50	53	57	48	54	41	53	50	62	42	48	38	47	32	30	30	20	9	15	6	14	8	12	7	1	5	2	1	1	2	2	3	0	1	1	0	1	2	0	3	1	1	3	0	1	2	1	0	0	0	1	0	0
29	39	45	36	36	29	31	36	35	36	33	41	28	35	27	30	34	33	37	27	22	32	40	44	31	31	30	26	29	31	23	33	19	41	25	28	27	29	29	41	37	36	30	30	38	39	27	44	39	35	51	52	46	41	48	39	35	35	43	41	41	22	35	36	46	39	40	48	52	61	54	48	32	48	52	37	34	27	28	37	40	50	53	43	29	44	39	35	41	46	45	44	46	38	44	45	43	48	37	47	34	50	50	48	43	37	40	41	41	36	40	25	15	18	23	7	3	15	12	12	6	3	2	1	2	1	1	2	0	2	0	1	0	5	0	1	0	3	1	6	0	1	0	1	0	0	0	0	0	0
48	40	35	41	37	24	27	32	30	42	38	37	31	28	41	30	36	38	30	33	31	41	39	62	48	35	33	32	23	16	18	41	36	34	33	31	42	32	26	29	32	35	44	34	24	34	31	34	38	46	45	39	34	43	31	49	43	37	52	39	35	49	36	29	34	32	49	46	53	42	43	53	61	32	44	39	39	25	27	33	38	45	44	48	34	27	42	47	50	43	51	55	54	47	45	56	41	52	43	62	44	47	48	49	30	39	44	42	44	42	22	26	21	15	13	12	10	10	8	9	7	6	2	1	4	5	2	2	1	1	0	3	0	2	2	5	0	4	2	4	6	3	5	2	1	2	0	0	1	0
47	36	45	49	33	28	24	35	42	39	36	41	33	21	23	35	21	38	35	39	43	42	35	50	49	45	39	21	23	24	28	35	29	34	35	32	42	31	40	41	38	36	47	24	15	26	32	46	47	38	41	41	40	29	43	44	45	40	48	41	28	34	31	34	34	45	35	45	32	45	42	46	44	52	51	35	30	26	21	35	37	43	35	35	47	41	26	40	46	40	51	47	43	48	54	56	44	62	50	58	70	61	35	38	47	41	27	26	42	38	25	27	34	22	22	18	14	13	12	9	4	6	4	3	0	3	1	2	3	1	2	1	2	0	2	0	4	3	2	2	0	2	2	1	1	0	0	0	0	0
43	39	57	46	28	35	30	39	35	28	34	40	44	36	22	20	26	31	37	48	45	40	34	49	57	39	27	29	28	19	23	28	29	34	33	35	47	24	38	38	36	39	45	20	19	25	26	31	31	37	35	38	38	32	43	49	41	41	41	41	46	37	35	31	39	35	41	41	49	52	56	66	49	35	39	49	35	36	42	41	40	50	47	32	39	36	48	46	53	41	44	42	50	55	50	43	44	47	34	43	53	56	42	50	42	40	25	38	27	46	33	32	35	22	19	16	10	10	14	9	7	3	1	2	0	2	2	1	4	4	3	0	0	3	2	1	4	0	5	2	4	1	1	2	0	2	0	0	0	0
45	50	45	53	43	39	29	26	26	36	33	36	33	28	22	18	33	34	40	48	29	50	41	45	46	39	30	32	27	29	22	25	24	30	33	32	39	35	27	27	40	26	37	40	19	24	33	42	47	34	43	47	33	33	46	38	42	40	42	47	34	38	39	44	31	38	47	41	37	45	49	53	46	51	40	34	41	31	39	49	44	40	38	45	49	34	39	47	41	40	48	44	45	45	34	53	52	49	51	53	41	50	54	33	39	36	37	27	44	37	22	36	23	19	11	14	13	9	15	7	9	6	3	2	2	1	1	3	2	3	6	3	1	1	0	3	2	2	1	1	2	4	2	1	1	0	1	0	0	0
60	34	40	50	34	35	23	35	28	39	32	41	35	37	26	31	39	44	47	56	39	37	44	50	42	42	39	34	28	18	26	17	34	27	34	35	38	36	31	43	39	40	26	32	22	36	36	34	44	32	40	44	42	37	34	48	43	30	41	35	44	31	29	48	40	38	39	52	50	67	49	52	39	52	42	29	22	31	44	26	35	31	40	44	42	36	35	48	41	46	50	38	52	50	55	52	49	60	47	50	55	43	36	38	27	35	28	27	36	35	41	23	29	26	14	16	21	13	12	10	10	4	2	5	4	2	0	1	2	2	2	4	1	0	1	1	2	0	1	1	2	3	0	1	0	0	0	0	0	0
49	51	39	50	32	34	42	32	24	30	39	38	35	32	38	30	38	53	46	44	34	45	47	41	24	31	41	32	26	23	21	31	30	22	16	28	31	43	41	34	49	32	41	38	37	36	40	50	39	28	38	42	46	49	40	38	44	56	39	41	52	42	40	40	54	48	46	44	51	52	51	44	53	37	47	34	25	26	39	28	37	29	44	33	39	32	39	49	36	43	38	47	45	49	52	57	38	46	47	43	35	38	34	37	24	31	34	42	27	32	29	24	27	19	16	21	21	30	23	11	4	4	2	3	0	1	3	7	1	1	2	1	0	1	1	5	1	2	4	1	1	4	4	3	0	0	0	0	1	0
51	46	42	36	38	35	25	20	20	28	36	37	30	40	34	39	47	50	45	44	58	52	51	46	45	33	31	35	28	33	28	30	24	26	33	38	33	40	43	38	45	29	43	43	21	36	37	34	39	39	42	43	49	36	40	43	37	41	48	49	41	40	50	56	54	59	49	51	45	55	57	44	28	37	29	27	26	30	16	25	32	35	32	21	35	36	41	45	46	42	51	43	48	41	51	52	50	48	51	53	31	48	37	27	42	32	41	34	31	36	33	33	26	19	21	29	30	35	13	12	4	2	5	4	2	0	1	2	2	5	1	2	2	3	2	3	2	5	3	0	1	3	1	1	1	0	1	0	0	0
49	42	47	42	39	34	26	24	35	34	40	36	45	42	49	50	59	40	47	40	54	53	49	47	45	41	39	27	33	27	20	23	27	34	36	27	45	47	29	31	37	45	43	36	34	47	30	44	38	30	45	42	38	33	53	58	46	31	42	44	37	40	42	53	48	61	54	55	49	37	53	47	29	42	22	19	20	18	27	23	22	16	29	42	39	46	41	36	48	34	45	47	54	48	50	53	34	45	44	49	40	41	41	43	30	36	26	35	35	28	23	27	24	21	23	23	28	13	15	8	3	4	2	3	3	1	2	3	1	5	3	0	5	4	1	4	4	3	3	0	0	0	2	0	1	0	0	0	0	0
38	41	45	44	42	28	35	16	22	25	19	33	37	43	47	48	41	43	48	54	39	47	39	54	32	39	29	18	31	20	24	24	35	31	38	39	38	28	42	27	24	37	28	41	31	34	31	44	30	39	38	39	46	43	44	49	50	44	53	53	60	48	45	43	41	59	45	49	55	52	52	35	35	38	28	25	18	15	13	17	24	27	39	41	31	41	40	38	46	39	31	46	51	44	33	56	35	43	32	33	45	67	49	35	27	23	29	30	36	35	36	21	14	26	22	19	21	17	13	5	5	4	1	3	0	5	2	2	3	2	0	0	5	1	3	1	2	3	0	1	2	0	0	3	0	1	1	0	0	0
36	40	31	30	25	22	13	29	17	17	24	29	40	43	39	43	56	43	56	47	49	51	52	54	40	45	38	35	25	16	21	24	27	25	43	41	43	40	44	22	20	41	35	40	26	41	34	37	34	33	33	39	40	37	39	44	45	71	50	54	45	48	47	45	56	42	50	45	55	55	44	41	40	36	24	16	21	13	10	16	27	24	31	36	41	49	43	44	40	39	39	43	44	44	49	45	56	41	44	43	51	49	43	36	43	37	31	37	36	27	30	28	32	33	30	26	21	18	7	3	6	7	2	5	1	5	1	3	0	3	1	3	1	1	0	4	2	3	2	2	1	1	1	0	0	0	0	0	1	0
31	37	25	24	19	13	11	21	17	18	19	30	44	48	52	43	54	68	47	52	58	58	52	43	51	36	40	25	28	17	17	18	16	48	44	52	48	36	27	23	32	42	30	44	34	30	33	32	43	34	41	53	49	43	47	45	39	45	46	61	39	47	56	58	50	38	47	48	54	47	55	39	37	19	15	13	18	8	10	14	29	21	21	34	43	31	36	45	41	38	38	41	50	38	55	44	41	44	45	45	34	46	37	33	35	34	35	27	39	34	35	26	28	20	25	21	16	20	3	2	2	5	1	4	3	3	3	2	1	5	2	3	4	2	1	2	2	1	0	1	1	1	0	1	0	0	1	0	0	0
27	24	13	8	16	12	11	6	10	25	17	45	43	55	54	39	57	58	49	36	48	50	48	50	45	29	42	27	23	17	9	17	21	26	46	42	24	45	27	21	30	45	44	36	40	33	39	44	33	51	51	39	46	50	44	51	56	47	56	53	50	51	55	55	45	64	44	60	53	42	42	37	24	19	14	9	4	11	10	8	21	28	29	35	30	31	41	48	43	44	52	55	42	40	54	39	42	47	58	42	38	35	31	39	34	31	34	35	33	35	30	29	25	30	24	21	13	5	8	3	4	2	1	6	3	3	3	5	5	3	7	3	3	3	1	1	3	2	1	1	0	1	0	0	1	0	0	0	1	0
15	15	16	15	14	9	10	10	16	20	36	42	44	45	59	38	37	55	47	57	47	45	41	37	43	37	21	21	17	15	17	23	26	35	41	32	42	48	36	39	48	40	36	32	31	37	34	37	41	32	39	31	43	43	55	47	51	48	38	48	54	57	51	59	49	44	50	53	49	49	56	43	51	29	20	17	5	9	14	12	15	21	27	26	31	43	33	36	50	39	34	43	44	47	48	47	39	40	48	44	47	47	37	40	37	35	44	33	35	28	24	30	25	25	20	14	13	4	4	6	1	6	4	4	0	3	2	5	5	6	1	3	3	0	1	0	2	1	0	2	3	0	1	1	1	1	0	0	0	0
9	17	20	12	9	10	18	26	20	27	41	49	51	61	55	41	46	49	51	49	54	44	49	33	30	21	24	19	9	19	19	23	38	30	51	41	37	39	51	39	42	49	43	38	41	37	32	38	37	48	50	49	49	63	51	49	50	41	47	75	54	47	63	53	48	51	46	42	45	51	50	53	32	18	17	12	11	14	15	17	19	23	27	34	33	32	45	44	38	47	48	47	61	41	37	41	57	38	47	42	40	42	33	31	39	33	41	35	21	32	28	22	23	22	17	19	16	3	6	4	6	6	3	4	1	1	0	8	2	4	4	2	0	1	2	1	1	0	2	1	0	1	0	0	0	0	0	0	0	0
8	18	11	18	16	10	25	23	32	40	44	45	49	48	52	53	50	53	59	46	48	51	44	32	32	20	11	14	13	7	11	31	36	41	43	55	41	41	43	46	43	31	34	48	30	33	39	34	46	40	40	47	53	51	53	50	56	36	56	51	53	43	52	56	47	52	42	49	54	43	38	48	39	24	16	13	16	10	20	32	29	29	38	34	28	26	40	43	45	50	42	51	37	35	40	42	46	55	34	60	44	43	37	45	41	25	37	40	39	34	29	21	22	13	13	14	6	4	5	6	4	3	5	1	1	4	4	5	1	4	0	2	4	2	0	0	3	4	2	2	0	1	0	0	1	0	2	0	0	0
15	14	23	30	24	20	22	31	30	46	57	60	48	45	48	48	48	53	51	46	45	38	39	30	28	19	15	13	12	14	14	25	26	31	34	40	46	37	33	43	42	50	44	55	42	39	45	47	58	42	40	51	48	57	60	43	47	52	59	59	44	50	56	64	56	54	64	59	46	51	56	49	38	24	14	11	14	19	18	23	20	16	23	28	31	28	43	41	45	49	36	54	39	44	42	34	46	47	38	42	44	33	21	26	31	37	41	42	46	44	38	21	25	21	13	14	10	9	5	2	10	2	4	3	2	3	1	4	1	1	3	3	0	4	2	1	0	4	2	0	0	0	0	0	1	0	0	0	0	0
22	22	35	35	23	24	18	32	31	46	49	38	40	56	56	39	54	52	41	43	41	48	34	25	22	24	9	11	13	13	18	21	28	42	43	49	33	32	41	39	54	42	39	50	49	53	62	34	43	46	43	52	58	54	57	60	48	48	60	48	51	47	52	60	56	49	40	47	53	56	52	33	35	27	18	15	13	20	16	26	26	28	25	41	47	43	32	45	36	36	44	35	50	48	51	47	50	42	51	50	45	37	33	37	31	31	41	33	34	33	32	27	20	17	11	11	12	8	6	3	3	3	4	5	2	0	2	1	0	1	5	2	2	1	0	2	1	0	2	1	0	0	0	0	1	0	0	0	1	0
25	30	37	30	32	23	25	34	39	49	30	52	33	47	58	41	43	38	41	36	44	43	32	22	17	12	9	7	8	10	14	27	29	40	43	33	43	34	40	43	54	45	35	31	47	43	50	55	48	46	54	43	72	50	39	42	48	50	48	52	66	45	45	50	49	55	41	48	36	41	37	38	30	19	14	15	17	18	17	14	25	31	43	36	41	34	50	39	48	56	47	60	68	48	53	39	48	49	44	42	41	40	44	33	38	38	32	31	40	32	33	18	19	15	15	6	3	5	4	5	0	2	1	7	2	3	3	2	5	1	1	2	2	2	0	4	1	3	2	2	0	1	0	0	0	0	0	0	0	0
34	30	43	38	40	31	30	38	42	57	46	42	51	56	46	40	44	54	38	56	47	35	35	29	13	7	6	4	7	7	15	19	35	35	39	37	39	25	37	39	34	42	35	41	47	45	42	45	59	45	54	49	54	56	42	64	50	52	39	57	44	37	47	41	57	61	53	53	30	49	47	34	22	15	19	14	20	31	17	34	28	35	41	35	35	44	43	33	50	48	48	41	46	55	37	54	45	50	41	37	48	40	39	41	37	41	43	43	25	43	31	9	19	17	9	7	6	6	5	5	4	3	2	5	1	3	0	2	2	0	2	3	1	2	1	0	0	2	1	3	0	0	1	0	0	0	0	0	0	0
33	40	37	34	36	35	44	37	42	47	42	33	36	49	50	44	48	46	41	44	42	32	24	17	9	11	7	10	7	9	10	12	26	39	38	41	30	33	25	25	43	44	48	38	23	39	42	51	45	38	58	48	48	51	47	42	46	43	48	47	42	41	49	49	34	50	54	40	47	36	34	31	29	20	14	26	20	18	26	32	34	34	40	35	35	46	45	51	50	52	45	42	39	42	52	47	42	47	45	49	43	47	47	37	38	49	44	36	27	21	29	19	14	9	10	7	6	3	4	3	1	3	6	2	0	1	2	2	2	0	0	2	2	1	0	2	3	0	3	2	2	3	0	0	0	0	0	0	0	0
32	30	39	36	52	56	38	28	45	50	38	41	47	44	44	49	38	38	43	39	40	37	30	21	10	15	14	14	10	10	11	23	29	41	47	35	25	33	31	38	43	37	49	44	54	36	51	50	48	49	55	55	50	40	49	29	63	61	48	56	48	58	47	52	58	52	45	46	34	45	35	27	28	26	21	16	22	18	21	31	50	40	56	41	36	51	48	51	48	47	54	48	52	53	52	49	55	55	44	48	45	45	49	40	42	41	60	40	16	30	30	14	13	7	13	7	3	5	6	1	2	4	7	2	5	3	5	1	2	1	1	3	2	5	3	0	4	3	2	0	4	3	0	2	0	1	0	0	1	0
36	38	38	31	37	59	37	38	35	36	41	38	47	35	45	51	36	58	44	37	35	29	31	23	16	14	11	9	15	12	22	21	34	43	31	27	30	25	37	39	43	43	41	36	43	41	53	46	47	56	52	41	51	51	48	53	47	47	44	33	53	55	41	57	42	35	44	37	39	31	26	30	20	36	26	24	23	30	36	22	62	34	49	37	51	39	39	39	50	50	35	38	52	37	47	42	43	39	44	54	41	51	40	46	65	44	36	36	37	30	26	26	18	12	11	10	9	6	4	2	2	3	1	4	2	4	2	1	0	1	0	2	1	2	0	1	2	2	2	0	3	3	2	0	1	1	1	0	0	0
39	43	31	43	46	32	38	38	45	29	37	31	40	48	38	63	50	44	41	35	34	37	29	39	26	19	18	12	18	11	22	30	53	25	18	23	20	14	19	28	32	52	41	47	35	41	52	46	46	47	42	51	60	59	47	51	49	52	46	58	38	45	42	43	52	37	38	40	27	32	41	31	39	32	28	24	16	43	38	48	41	43	39	36	45	41	45	55	33	46	50	52	51	46	41	41	47	50	48	44	45	60	44	39	56	44	52	39	49	33	34	22	17	7	4	9	10	6	2	2	3	4	5	1	1	3	1	1	2	1	0	2	1	2	1	0	1	3	3	5	1	0	1	0	0	0	0	0	0	0
25	44	38	47	44	33	38	33	33	34	23	32	33	36	39	31	33	34	26	27	32	37	26	39	30	19	17	22	11	16	28	33	35	38	31	19	16	19	33	26	36	46	50	47	49	49	54	46	49	56	48	46	54	47	38	58	42	59	40	48	47	45	48	39	35	34	35	28	41	33	29	31	28	23	19	31	29	31	41	41	41	54	57	42	34	37	31	58	45	45	41	48	40	55	47	55	47	48	59	58	52	41	57	56	38	40	41	30	38	37	30	24	17	11	9	10	8	7	5	1	2	0	3	1	0	2	0	2	2	1	1	1	0	0	3	1	0	1	1	2	1	1	1	0	0	1	0	0	0	1
23	30	41	48	33	28	31	31	36	34	23	33	29	25	25	42	28	24	24	23	36	33	31	26	32	21	28	12	15	26	26	30	37	44	31	22	21	22	27	29	41	46	41	41	61	43	43	54	52	49	55	47	56	63	53	52	39	50	44	41	47	34	37	24	32	45	28	25	36	25	27	47	32	22	24	32	32	38	50	37	41	48	39	50	49	51	42	46	47	51	53	43	45	54	56	50	53	37	52	49	57	49	52	52	41	38	34	35	27	40	35	23	12	15	10	4	5	3	1	4	3	3	1	2	3	0	3	3	1	4	0	1	2	1	2	0	0	1	1	2	1	2	1	0	0	0	0	0	0	0
36	40	26	41	43	27	25	33	34	22	30	23	26	43	42	36	22	23	21	27	32	28	29	25	35	35	19	23	15	34	34	30	37	37	26	19	12	25	29	37	33	28	37	60	43	40	51	36	52	46	50	32	62	44	48	49	44	43	41	43	33	24	48	34	41	34	21	18	17	38	39	33	35	33	30	19	45	41	43	47	57	49	62	44	40	53	53	46	39	50	48	55	53	52	47	50	37	35	47	48	38	51	49	47	35	42	41	56	37	34	29	14	17	7	6	10	3	3	6	3	0	3	0	0	0	2	1	3	0	1	1	1	2	2	0	0	3	2	2	1	2	1	0	1	0	0	0	0	0	0
32	45	41	40	37	30	17	23	22	21	26	36	34	29	41	28	34	14	20	19	30	38	36	44	33	30	21	18	25	28	31	34	37	31	24	12	16	21	32	26	33	41	40	49	38	66	47	46	43	41	53	53	55	45	50	45	46	40	33	20	29	25	29	26	30	25	12	13	27	35	25	34	36	29	35	41	26	47	59	51	40	54	41	39	47	55	45	44	41	46	62	37	45	51	40	46	52	59	42	50	53	47	46	40	51	43	45	52	44	33	41	21	12	14	5	9	1	2	1	1	3	1	2	1	3	1	2	4	3	0	3	3	0	2	2	1	1	2	1	1	2	1	0	0	0	0	0	0	0	0
45	48	51	52	46	32	20	15	12	16	21	31	31	47	35	38	27	28	17	25	33	31	33	39	45	40	24	19	28	18	41	36	37	29	20	18	17	18	30	37	45	31	48	32	37	37	48	53	56	48	57	46	38	44	45	51	50	32	32	27	22	20	21	33	15	18	21	27	30	31	26	35	44	30	42	45	34	41	57	42	49	58	40	42	38	32	36	40	33	48	38	42	44	46	53	53	45	41	47	50	41	36	53	44	51	45	46	46	31	46	30	11	9	13	10	9	2	5	4	2	3	1	2	4	4	4	1	2	0	1	1	1	0	0	2	3	1	1	1	1	1	1	0	1	0	0	0	0	0	1
34	43	38	41	40	25	10	16	15	19	34	42	39	41	38	35	35	20	32	29	32	37	41	45	53	28	27	25	33	44	28	38	32	34	29	32	24	37	29	39	44	46	46	42	56	47	40	43	59	48	49	50	46	41	45	51	42	43	43	29	24	18	18	23	19	21	26	28	22	30	25	39	47	44	39	34	33	28	52	49	52	54	34	42	57	35	38	42	34	39	29	50	46	46	46	44	42	38	35	43	43	34	40	47	43	50	37	34	51	44	20	11	10	5	5	3	5	4	2	7	1	2	1	7	1	1	1	1	0	1	2	1	2	0	2	2	2	1	2	1	0	1	0	0	0	0	0	0	0	0
50	39	44	31	27	17	18	16	17	21	35	36	48	44	50	30	30	25	34	36	27	47	41	41	47	42	38	23	29	47	49	38	45	39	35	25	32	42	28	47	49	48	31	50	52	35	50	51	53	46	46	51	43	31	47	33	39	16	25	19	26	23	24	16	25	19	24	27	35	49	44	41	36	40	46	61	41	47	41	56	41	49	44	52	42	35	46	45	50	35	35	41	39	56	39	41	36	37	31	34	45	40	42	38	47	44	37	47	39	36	22	15	7	8	7	7	1	4	3	3	6	4	1	0	2	1	1	0	0	0	1	1	5	2	1	2	3	1	1	3	1	0	0	0	0	0	0	0	0	0
43	51	35	28	29	16	16	14	18	30	40	41	28	48	42	38	25	26	37	26	46	37	41	34	33	29	38	39	42	39	44	43	37	37	38	33	22	37	51	46	47	60	44	42	46	45	45	56	51	55	52	54	44	44	36	50	44	31	17	28	18	21	31	25	12	21	15	28	42	44	30	43	47	48	52	48	37	43	51	51	49	47	44	48	41	36	39	49	33	47	43	55	36	49	61	42	35	34	47	44	44	35	50	53	39	50	39	46	41	33	27	13	12	6	8	4	2	0	5	4	0	2	1	2	3	1	1	0	1	2	2	3	1	1	2	1	3	1	0	1	0	0	2	0	1	0	0	0	0	0
54	47	37	29	29	21	9	14	19	33	38	33	41	44	38	41	46	32	44	39	40	46	36	34	41	33	35	39	37	40	31	46	42	39	37	37	57	32	45	46	50	50	39	40	45	41	50	52	52	48	45	47	44	45	36	36	32	26	40	36	29	33	20	38	17	25	29	26	32	26	50	44	53	50	45	47	56	48	53	40	52	53	48	50	43	39	47	44	43	43	41	42	54	44	41	39	41	31	37	31	33	39	28	37	52	47	44	45	22	32	25	13	6	7	3	3	2	6	3	2	0	4	5	0	0	1	0	0	2	1	3	0	2	3	0	3	1	2	0	0	0	1	0	1	0	0	1	0	0	0
45	39	31	24	17	16	18	16	21	22	36	37	40	30	39	43	54	38	38	35	39	43	32	27	26	35	28	35	36	42	39	47	47	44	43	36	44	44	56	59	43	40	43	46	45	37	42	41	36	40	44	46	39	49	28	35	31	18	34	48	32	33	25	21	27	29	28	38	35	45	39	57	56	53	42	39	36	41	44	39	32	40	41	47	36	42	44	30	41	47	50	54	39	57	44	57	28	36	37	30	43	35	33	38	50	57	34	45	30	34	22	8	8	8	4	7	6	5	2	1	1	5	2	0	1	1	2	3	3	0	0	1	0	2	2	0	2	1	2	2	0	0	0	0	0	0	1	0	0	0
65	41	41	27	12	16	10	18	22	26	36	33	26	44	30	45	40	36	34	35	61	46	38	25	26	16	41	25	43	45	45	32	29	47	43	43	36	45	45	42	44	52	49	54	50	52	38	48	41	39	37	38	38	40	35	34	38	28	24	33	38	29	37	32	38	34	33	45	46	45	49	36	51	39	53	34	51	51	41	44	47	52	40	40	43	28	36	36	40	51	38	45	47	47	50	38	39	36	35	36	33	35	41	55	48	45	35	41	32	27	12	7	5	7	3	8	3	1	4	3	2	5	1	1	0	1	1	4	0	0	0	1	4	0	2	1	0	0	3	0	0	0	0	0	1	0	0	0	0	0
52	35	34	23	14	8	9	15	19	20	21	33	30	31	38	32	40	37	45	39	47	40	29	30	24	28	18	43	39	37	38	33	34	29	50	49	53	55	47	48	59	40	54	44	44	38	35	39	37	33	28	29	38	49	47	39	25	40	38	45	38	42	41	34	39	52	39	48	34	45	40	57	56	42	38	42	40	48	39	38	36	43	45	44	30	40	37	27	42	41	47	40	39	55	54	52	46	43	39	41	30	35	44	49	41	40	50	45	33	25	17	12	4	6	2	3	1	2	6	3	1	1	1	0	1	2	3	2	0	0	0	0	3	1	3	2	2	1	2	1	0	0	0	0	1	0	0	0	0	0
49	35	26	11	16	12	13	11	12	20	19	21	24	40	31	40	51	50	39	53	50	43	30	25	17	26	34	37	34	36	45	46	47	37	47	39	52	57	46	72	44	46	31	50	43	38	48	39	44	37	20	31	33	30	41	41	23	27	38	46	40	32	44	42	42	49	43	53	44	51	52	57	54	48	58	46	43	41	46	45	58	43	37	35	40	37	41	41	38	47	47	54	50	50	46	49	37	43	41	36	34	35	43	60	40	46	35	31	26	12	6	9	4	5	4	6	8	1	3	2	2	2	1	1	3	1	0	0	2	0	2	2	0	2	3	3	4	1	2	0	0	1	0	0	0	0	0	0	0	0
37	27	24	23	18	14	16	16	13	15	20	31	26	31	33	48	49	45	55	31	43	29	36	20	22	39	29	34	40	20	38	30	38	42	43	31	44	54	50	52	43	49	51	50	47	47	50	29	40	38	32	25	35	28	32	41	32	28	25	44	41	36	40	31	48	55	49	46	43	39	43	58	55	48	46	58	37	44	46	45	38	46	35	34	38	33	27	38	50	47	43	44	39	66	33	50	46	43	42	34	30	40	34	52	43	39	35	40	22	21	12	6	4	3	6	3	3	3	4	1	1	2	1	1	0	2	2	0	1	0	1	2	1	1	2	2	0	3	3	1	1	0	1	0	0	0	0	0	0	1
42	38	33	10	12	19	17	18	17	14	19	25	23	40	49	45	43	46	44	45	42	30	28	24	14	25	25	27	27	41	34	27	39	42	34	35	40	60	50	61	55	57	43	26	49	33	44	33	36	21	36	27	23	32	26	28	18	32	33	41	45	39	43	52	54	41	39	44	38	61	59	55	60	34	31	39	38	39	32	42	31	62	49	43	31	32	33	30	37	44	45	35	53	40	45	50	47	47	37	33	29	41	42	49	47	39	36	32	24	19	11	15	2	4	0	6	4	3	0	1	2	2	0	5	0	1	2	1	3	1	2	2	1	2	1	1	0	1	2	0	0	0	0	1	0	0	0	0	0	0
39	38	28	21	9	18	23	25	25	21	10	23	35	39	46	40	54	41	39	32	39	32	28	24	25	20	18	25	29	23	25	21	20	27	39	36	25	50	42	44	53	54	53	48	46	35	41	34	35	35	22	19	35	32	32	30	35	32	38	38	51	58	48	51	40	51	48	46	54	60	54	46	52	56	45	47	34	39	58	47	36	36	43	39	40	42	43	43	46	49	46	40	40	43	53	42	48	46	47	44	43	47	38	53	40	39	35	30	26	25	9	15	3	3	2	4	1	7	3	0	3	1	3	3	2	1	1	1	2	1	0	0	0	2	0	3	3	3	2	1	1	1	0	1	0	0	1	0	0	0
54	44	29	34	20	23	20	28	26	19	25	25	33	34	39	53	41	37	30	37	48	49	31	25	23	16	15	15	23	27	14	24	20	23	31	39	39	52	41	54	58	50	42	40	45	50	36	35	29	19	19	32	26	34	30	24	31	31	45	43	44	36	43	39	42	47	49	42	65	50	48	57	49	57	52	60	49	52	43	55	46	60	38	42	42	38	29	35	40	38	55	48	45	45	51	27	34	43	45	45	46	48	40	43	32	45	37	41	24	21	9	13	6	3	3	3	3	1	3	3	2	4	5	0	2	2	1	1	3	4	2	2	0	0	2	1	0	1	2	1	0	0	0	1	0	1	0	0	0	0
39	47	42	28	25	31	35	22	29	29	28	39	30	43	31	53	48	52	41	32	37	43	36	17	22	14	19	22	13	23	22	35	26	39	18	39	31	40	44	34	45	40	46	54	38	42	40	28	34	27	29	30	28	31	28	28	39	39	58	49	45	57	60	62	42	49	55	48	41	44	37	62	59	43	44	44	31	44	39	48	57	45	52	37	35	49	36	30	34	33	50	47	41	49	56	66	45	45	51	56	56	44	54	45	60	39	30	22	22	12	7	9	7	2	2	7	2	2	1	2	3	3	2	2	3	0	1	0	2	1	1	2	1	0	1	1	1	3	2	1	0	0	0	0	0	0	0	0	0	0
45	35	41	24	46	38	50	35	38	26	25	42	44	37	36	64	41	47	54	49	40	46	34	30	29	26	16	23	21	29	26	34	32	28	37	31	28	41	34	58	52	46	42	33	41	28	41	41	23	28	31	35	32	28	32	27	48	43	46	54	47	44	46	57	62	43	51	55	54	49	38	41	42	49	43	44	38	53	43	57	49	51	32	39	25	23	31	28	44	43	33	42	54	44	42	50	56	64	42	45	49	35	48	37	37	39	38	22	23	15	5	5	10	8	2	3	3	2	3	3	0	1	2	1	1	3	2	0	0	1	1	1	4	2	1	1	0	2	1	0	1	0	0	0	0	0	0	0	0	0
48	22	35	40	44	39	33	35	39	31	52	47	39	42	37	47	49	44	46	49	35	44	39	32	24	25	25	34	35	31	35	34	36	35	30	43	45	37	47	32	37	48	42	28	29	34	30	34	25	37	34	39	34	36	34	38	33	39	39	36	46	59	45	53	55	49	59	54	58	54	38	42	32	48	32	42	43	52	43	47	33	34	23	30	35	20	27	32	36	31	48	43	53	48	39	60	55	46	44	46	53	45	41	36	40	39	28	23	24	12	12	5	11	7	3	6	7	0	0	2	1	2	6	0	1	0	0	0	1	1	2	3	4	1	1	1	3	0	0	0	0	0	0	0	0	0	0	0	0	0
27	32	47	32	33	47	29	45	34	46	40	33	36	52	45	42	34	49	49	38	42	46	39	42	36	29	24	28	30	34	41	34	29	37	34	25	34	39	49	56	41	40	41	23	30	27	41	24	35	52	50	44	32	39	25	39	29	41	55	50	45	45	52	48	55	48	51	62	48	41	34	47	29	37	39	48	45	39	42	39	32	34	30	23	35	25	18	24	38	33	55	47	45	45	59	57	51	46	47	35	51	52	41	42	54	38	42	25	21	8	9	14	5	3	3	3	1	8	1	3	1	5	2	0	3	4	0	0	0	1	0	1	4	2	1	2	1	1	1	0	1	0	0	0	0	0	0	0	0	0
31	31	47	33	39	34	48	30	45	48	45	45	46	50	44	35	41	35	36	46	43	48	38	31	42	33	43	35	38	36	34	41	26	38	35	51	44	43	37	35	51	38	33	30	40	46	26	34	41	51	48	39	47	36	49	30	39	44	44	51	49	40	51	54	48	61	47	60	43	46	41	40	30	30	30	37	41	47	34	38	35	26	34	31	32	29	32	30	28	51	59	37	44	61	49	39	49	42	55	47	51	37	34	35	35	39	29	18	16	10	15	12	2	5	3	4	3	3	5	5	3	1	2	4	3	1	1	1	1	0	4	1	0	0	0	3	1	0	0	0	1	0	0	0	0	0	0	2	0	0
33	39	46	37	34	29	40	49	46	56	59	44	46	40	47	41	37	38	44	39	41	43	52	42	46	44	39	38	42	43	36	28	31	21	42	45	38	34	32	41	39	49	33	42	45	41	36	44	35	45	43	41	30	27	42	40	35	49	43	43	43	48	53	41	59	46	53	54	44	35	37	42	36	23	34	44	23	31	38	34	41	23	36	28	31	26	29	32	46	43	45	34	46	44	49	45	50	47	45	45	46	37	51	57	51	39	27	23	17	10	8	7	6	2	6	4	1	3	3	3	0	2	1	2	2	1	0	2	1	1	1	4	1	0	1	0	5	0	1	2	0	0	0	0	0	0	0	0	0	0
27	40	43	35	46	40	41	43	41	41	44	51	59	36	50	37	45	61	43	32	43	33	25	33	38	46	48	44	48	38	29	41	37	40	43	37	39	38	26	50	48	49	43	44	33	42	40	38	44	35	33	51	33	39	34	38	33	37	43	45	54	57	50	37	55	48	40	38	30	52	33	27	33	33	34	37	35	35	37	25	25	21	28	24	28	24	33	32	36	50	43	48	60	55	50	53	55	54	56	34	48	53	36	46	43	34	28	23	11	8	8	3	3	6	4	2	8	1	1	4	1	2	2	2	1	0	0	0	2	0	1	0	0	1	1	2	0	2	0	1	1	0	0	0	0	0	1	0	0	0
42	29	32	44	43	37	42	49	52	49	45	56	35	57	47	44	47	45	37	33	31	30	33	31	36	46	42	39	35	41	35	34	41	39	37	38	40	40	58	60	45	45	43	36	35	45	37	34	52	38	45	38	38	46	41	46	43	30	50	38	44	36	45	38	42	39	51	44	37	35	28	35	31	39	36	39	44	44	36	33	24	24	28	27	26	38	36	37	57	42	46	46	45	45	43	65	61	44	42	45	42	46	54	54	39	25	36	21	20	11	13	10	9	2	6	5	2	1	2	5	1	3	2	0	3	0	1	0	2	0	1	2	3	3	1	0	2	0	1	0	1	0	0	0	0	0	0	0	0	0
31	20	30	33	35	51	46	54	49	54	40	33	43	46	47	41	44	31	36	36	26	36	21	30	27	40	37	44	34	31	36	43	47	41	45	39	36	32	44	38	48	48	52	56	53	52	51	45	38	58	51	42	45	47	41	44	49	30	36	45	42	32	37	38	29	42	27	42	46	52	18	42	26	39	30	24	31	32	36	23	22	30	28	25	27	36	41	46	51	56	47	51	48	41	42	40	47	46	48	46	50	48	35	29	42	41	25	29	17	7	9	6	1	3	2	6	4	5	2	0	0	2	0	0	0	1	3	1	1	1	4	4	2	2	2	1	0	0	2	0	0	0	0	1	0	0	0	0	0	0
24	39	35	50	42	35	35	44	46	45	55	54	63	53	43	41	38	43	25	35	29	21	23	22	36	37	31	32	37	22	36	44	29	35	42	47	34	38	46	43	40	51	48	38	46	43	43	46	42	39	49	39	41	39	53	38	59	35	32	40	36	44	34	39	39	41	45	41	37	41	37	33	37	36	37	24	26	28	23	24	26	31	34	37	25	53	45	45	37	64	42	54	60	53	37	37	51	59	33	41	40	33	35	31	29	42	46	25	16	15	9	7	2	2	3	1	2	2	2	2	3	2	1	0	3	2	1	2	3	1	3	0	0	2	2	0	3	0	0	0	0	0	0	0	0	0	0	1	0	0
24	23	32	38	46	55	47	56	43	39	58	47	43	50	36	46	39	34	23	21	25	26	17	20	31	28	35	37	29	29	26	38	43	31	46	37	36	34	35	47	47	43	51	56	53	48	39	35	37	30	46	34	50	50	45	36	45	52	30	27	31	38	26	27	36	36	46	41	45	28	31	30	32	18	33	29	24	31	26	30	29	34	31	48	39	44	40	51	57	52	44	41	57	40	59	40	34	53	45	32	56	44	43	29	30	33	28	20	14	16	9	6	4	3	2	3	0	2	3	1	3	2	3	2	0	4	1	4	0	1	0	1	4	2	5	1	0	4	1	1	0	1	0	0	0	0	0	0	0	1
34	46	29	43	51	39	47	49	53	42	40	49	58	58	34	45	37	45	29	22	19	19	30	20	28	39	32	28	24	37	37	38	38	35	44	31	30	41	45	45	40	45	46	38	45	34	38	43	47	47	54	41	37	42	49	44	32	43	30	36	28	32	23	29	24	37	40	26	36	30	28	41	34	30	31	25	40	34	29	37	41	43	44	42	38	41	33	39	51	57	44	43	52	49	51	48	41	45	52	51	39	56	61	51	41	33	26	15	9	3	8	3	5	2	1	2	5	2	1	0	2	4	5	0	1	2	2	2	0	0	0	0	3	3	2	4	1	0	2	0	1	0	0	0	0	0	0	0	0	0
25	39	51	50	42	39	32	49	46	49	43	57	52	47	56	44	43	37	23	17	24	21	21	27	36	31	37	23	26	41	29	42	36	35	36	37	34	38	42	41	44	46	40	57	48	42	47	40	45	42	51	40	50	37	37	35	38	30	43	31	28	27	25	22	31	41	33	31	39	33	34	39	36	40	37	24	30	32	33	47	33	49	43	47	41	54	49	59	50	54	45	48	51	54	57	65	41	36	50	46	31	46	39	33	18	42	23	17	9	13	6	5	5	4	2	4	4	2	3	2	1	0	0	3	0	1	0	1	2	0	5	0	0	3	2	2	1	0	1	0	0	0	0	0	2	0	0	0	0	0
33	22	37	44	38	41	50	56	40	57	51	37	58	60	54	50	41	47	35	18	29	20	18	28	23	21	19	32	26	30	31	27	37	40	41	33	29	45	47	35	37	38	48	43	37	42	46	35	34	43	40	42	50	30	30	40	32	25	42	45	28	37	31	39	44	56	48	33	38	41	50	46	37	52	45	35	29	35	45	53	36	46	50	48	45	46	52	56	50	35	60	50	41	61	54	46	39	47	44	38	39	38	47	30	31	26	23	22	8	4	6	4	1	3	4	3	0	2	1	1	1	3	1	3	2	1	2	0	2	1	2	2	1	0	0	1	1	1	3	0	1	1	1	0	0	0	0	0	0	0
28	23	40	47	49	38	43	54	48	42	54	53	52	31	45	47	49	37	41	33	27	24	19	16	16	15	30	27	37	36	36	40	36	40	31	31	36	30	46	36	32	61	52	48	44	45	48	47	48	39	30	44	41	32	30	30	34	30	43	38	48	44	49	40	42	41	46	55	41	48	46	53	44	40	46	44	39	43	37	48	54	42	59	44	48	40	53	68	62	43	51	37	43	51	40	43	50	46	55	44	42	58	51	45	28	25	20	10	12	11	6	5	4	3	5	4	3	4	1	1	1	1	1	1	1	0	3	0	1	2	3	2	0	0	2	1	0	1	1	0	0	0	1	0	0	0	0	0	0	0
13	39	36	34	41	39	41	59	55	44	59	50	43	43	48	39	46	44	30	39	26	18	16	22	21	25	36	27	33	38	35	45	42	57	50	56	46	37	35	52	42	46	42	42	38	37	40	39	31	48	34	38	37	38	32	30	32	25	29	48	37	40	37	46	44	43	35	55	36	50	45	51	51	42	50	44	38	46	53	49	54	44	57	53	48	50	53	42	50	44	54	51	65	61	53	36	33	51	51	33	42	52	36	42	26	24	11	13	10	11	6	10	7	4	2	3	3	0	1	2	1	1	0	3	0	1	1	0	0	0	3	2	3	1	2	0	2	0	2	0	0	3	0	1	0	1	0	0	0	1
32	26	33	34	50	46	50	37	51	45	51	43	60	43	39	39	42	31	35	31	26	35	24	13	24	29	36	38	40	38	47	58	50	42	39	47	49	42	39	52	42	42	34	46	41	47	36	29	45	37	34	34	30	31	36	21	28	25	33	39	34	45	44	56	60	48	41	57	36	51	54	48	38	48	40	42	40	62	44	35	54	41	51	43	47	39	49	56	49	51	61	56	41	52	56	48	53	48	36	46	32	25	35	37	20	22	25	17	9	9	7	10	6	1	6	1	5	1	5	1	2	2	1	1	1	0	2	1	2	1	2	1	1	4	0	2	0	5	1	1	4	2	2	1	0	1	0	0	0	0
28	34	33	32	39	50	42	47	55	53	41	44	47	45	48	25	38	43	38	30	19	27	26	22	29	45	40	50	38	38	45	47	45	63	48	55	43	46	37	54	54	45	36	39	34	36	38	42	42	32	36	40	32	33	26	23	30	28	46	45	48	43	48	51	46	44	66	42	52	49	43	49	42	46	41	41	34	37	52	28	59	47	56	52	43	51	42	61	52	52	48	42	71	50	36	50	40	37	25	33	36	37	29	26	37	19	17	12	2	6	6	8	6	2	3	2	4	2	1	3	4	3	0	1	4	2	2	2	1	0	3	1	2	3	0	3	1	1	1	2	3	1	0	0	0	0	0	0	0	0
29	33	31	30	47	32	36	53	46	54	48	41	50	47	36	46	43	32	52	31	20	22	26	32	25	53	46	64	39	52	39	65	47	53	43	42	34	40	46	34	40	49	42	41	29	29	22	38	39	46	37	38	30	35	29	38	19	31	41	36	41	36	52	52	48	56	50	51	41	50	53	52	50	51	48	39	54	41	59	51	44	29	53	46	41	49	59	54	51	39	51	51	48	48	51	43	36	37	30	37	33	43	33	24	28	24	12	8	3	5	4	6	2	3	4	1	5	5	3	2	0	1	2	1	2	2	0	1	1	3	1	0	0	1	4	1	3	4	3	2	1	4	2	2	0	0	0	0	0	0
31	32	22	44	47	48	41	37	53	38	51	43	51	57	51	37	42	32	32	33	35	25	32	31	39	54	31	49	52	48	40	38	50	42	48	41	42	46	36	44	42	49	36	36	25	22	29	40	39	33	53	43	40	34	36	26	28	42	30	37	49	46	70	42	61	50	41	40	47	54	46	56	55	46	43	50	41	48	57	44	44	39	33	44	48	52	36	55	43	45	52	52	44	47	46	44	51	40	30	24	29	31	32	32	28	20	16	9	8	6	3	3	7	3	2	5	1	2	2	1	4	1	0	0	3	1	2	3	1	2	0	0	1	1	1	1	1	2	4	2	6	2	2	0	0	0	1	0	0	0
31	39	29	34	41	45	38	49	35	49	47	54	52	40	36	50	32	35	39	31	35	37	29	30	35	42	38	57	61	46	50	43	46	55	43	51	31	37	39	35	37	39	42	25	28	22	25	26	30	37	44	42	37	35	28	28	28	46	36	32	48	45	41	41	65	45	58	52	57	49	39	53	57	56	46	37	39	38	38	49	39	45	42	45	45	51	51	44	34	35	41	37	43	49	37	48	39	44	36	35	38	29	36	22	26	20	15	15	6	2	5	3	7	5	2	2	3	3	2	2	1	2	1	0	1	0	1	1	0	0	2	4	1	2	3	4	2	3	6	0	3	5	2	1	0	0	0	0	0	0
19	26	33	35	34	29	33	42	46	43	51	51	35	47	45	50	27	25	33	37	30	36	33	45	51	47	42	46	47	52	41	40	37	53	25	41	48	40	43	37	47	51	41	34	21	30	26	15	28	40	46	45	42	36	40	32	41	42	40	48	40	45	49	57	54	40	43	47	44	51	61	56	45	42	43	45	44	46	52	40	37	42	47	41	47	23	59	48	38	35	37	34	38	55	39	40	55	45	40	38	31	27	28	30	20	22	14	10	6	6	7	2	2	3	5	0	3	2	2	4	1	3	3	1	1	0	4	0	2	0	0	0	1	1	1	4	2	3	7	4	7	3	0	0	0	1	1	0	0	0
25	19	31	25	24	29	26	39	37	66	52	46	50	40	39	47	31	30	46	44	42	36	53	44	51	50	51	49	56	43	35	45	48	55	49	31	40	39	41	51	36	35	30	30	25	27	23	26	33	17	54	41	46	43	35	38	41	46	58	57	67	45	44	38	47	48	44	55	47	58	45	46	52	39	57	47	47	36	42	39	42	41	46	49	56	41	49	35	35	26	36	25	42	35	56	54	46	62	51	41	44	38	25	32	22	20	12	7	6	1	3	6	2	4	4	3	3	2	1	1	1	1	3	0	2	2	0	1	2	0	2	1	1	0	1	0	2	2	2	5	1	0	2	0	0	0	0	0	0	0
24	17	23	17	25	23	20	32	48	45	38	31	43	47	44	32	41	50	36	39	52	47	57	49	59	41	42	57	46	57	48	49	33	48	43	57	38	43	36	29	44	36	27	27	39	34	28	31	36	45	32	35	46	45	56	44	54	51	51	39	62	57	50	47	44	47	41	47	61	46	47	47	57	38	37	53	50	34	52	39	28	34	43	52	36	34	35	24	38	26	32	47	59	46	36	44	41	41	45	25	31	35	30	26	17	12	10	9	9	6	6	3	1	2	2	4	1	1	2	1	3	0	1	0	2	0	4	0	2	0	2	3	2	1	2	5	0	2	0	1	1	0	0	0	0	0	0	0	0	0
26	24	14	18	17	24	43	43	44	42	45	43	46	47	56	47	53	44	52	56	49	41	50	60	55	33	43	55	50	41	52	58	45	40	46	52	48	41	34	42	52	32	41	37	24	29	45	30	43	47	36	50	42	51	51	46	44	49	51	52	49	49	41	51	47	43	45	62	60	41	54	56	54	45	45	44	50	50	44	50	44	35	38	36	34	38	27	31	34	16	26	38	43	45	52	48	48	41	56	41	42	32	36	30	30	12	10	3	3	4	4	4	1	3	4	2	3	3	4	4	1	0	0	2	2	1	2	2	0	1	0	4	0	1	3	2	1	1	1	0	0	0	0	0	1	0	0	1	0	0
31	14	19	12	20	18	28	45	45	38	28	40	38	39	43	46	50	55	40	39	35	63	54	53	53	53	52	52	36	39	52	38	51	44	58	37	52	52	30	40	43	30	39	42	42	37	43	37	38	38	45	42	42	45	47	47	44	45	45	50	47	59	44	49	40	54	60	50	50	45	43	50	45	52	59	48	55	31	54	51	46	45	51	31	30	32	30	29	32	25	41	38	43	48	33	50	47	42	28	50	28	32	46	24	20	18	10	8	8	1	2	3	2	2	3	3	0	1	0	5	0	2	2	1	0	0	0	0	0	1	1	2	4	3	3	1	2	0	0	1	1	0	0	0	0	0	0	0	0	0
21	16	12	19	12	28	31	35	29	35	33	35	53	33	37	49	44	49	50	43	58	50	59	56	60	52	46	40	47	30	60	51	51	41	40	41	57	54	46	53	35	43	39	39	30	29	32	37	36	38	38	47	41	36	51	59	45	50	40	35	46	44	53	50	48	54	54	36	38	48	53	49	42	51	46	42	37	43	46	34	40	41	41	33	32	32	34	25	25	32	37	35	38	51	46	34	55	40	36	35	37	35	32	21	18	7	5	5	5	7	4	4	1	3	2	3	1	1	1	0	1	0	1	3	1	0	2	2	0	2	0	3	1	0	1	0	0	0	0	1	0	0	0	0	0	0	0	0	0	0
29	12	25	19	27	32	36	31	32	28	37	27	38	37	42	50	42	32	49	41	56	49	41	50	49	47	45	41	36	52	43	47	50	52	43	43	59	38	46	32	35	35	37	34	24	34	35	38	47	44	34	48	54	43	40	50	54	46	45	42	28	54	46	53	63	59	40	54	37	43	52	47	48	46	46	40	41	40	45	33	36	57	30	44	42	37	38	32	37	41	37	44	50	54	47	39	43	29	40	30	40	33	35	28	13	13	9	1	5	7	3	6	5	3	1	2	1	3	1	3	2	1	0	1	1	0	2	1	1	0	0	0	0	1	1	1	1	0	2	0	0	0	0	0	0	1	0	0	0	0
29	22	26	13	23	28	34	29	28	26	38	34	22	39	42	51	56	47	46	41	47	38	49	39	44	45	55	42	48	54	60	58	51	38	40	55	45	42	29	43	34	37	45	47	29	28	33	39	44	38	44	41	48	39	42	37	36	42	35	40	45	50	53	52	43	46	46	37	44	50	47	47	56	35	38	48	36	45	33	36	30	44	51	38	46	44	34	37	45	36	40	38	40	54	46	65	44	37	49	30	34	33	17	19	10	8	9	8	6	3	7	4	0	3	0	5	3	1	2	2	0	0	3	2	3	0	2	0	0	1	4	4	1	1	1	1	0	1	0	0	0	0	1	0	0	0	0	0	0	0
30	33	31	23	20	26	27	37	26	24	20	23	41	32	47	47	41	35	39	58	54	43	51	50	38	43	52	40	32	51	54	47	39	45	54	37	55	41	31	32	27	32	45	44	38	34	37	37	38	40	46	41	57	36	52	48	42	46	44	38	38	43	44	44	49	34	40	46	39	39	40	55	34	38	44	45	40	39	34	53	54	58	43	60	47	40	38	54	40	41	57	27	46	52	56	58	38	42	46	35	40	31	24	22	15	11	13	5	2	2	2	5	0	2	3	0	1	2	1	1	0	0	2	4	1	1	1	1	2	0	2	2	2	1	0	0	0	0	0	2	0	0	0	0	0	0	1	0	0	0
33	44	24	14	31	26	25	38	31	22	21	30	27	33	30	43	45	49	51	47	55	43	47	38	47	54	35	61	29	46	30	40	44	54	59	55	47	37	35	30	41	40	49	51	46	40	36	38	32	37	46	38	49	41	33	33	37	42	39	36	30	45	52	45	34	59	50	31	34	37	44	47	49	55	42	45	54	51	33	52	45	43	52	46	43	38	53	43	50	44	48	47	45	50	41	53	46	40	38	33	40	33	35	17	19	7	12	3	4	4	3	4	3	6	3	0	1	3	1	0	0	0	0	1	0	2	0	1	1	1	4	1	2	0	0	0	1	1	0	0	0	0	0	0	0	0	1	0	2	0
26	15	16	21	22	31	28	23	19	21	22	21	14	30	39	58	47	52	45	39	51	44	67	41	48	48	49	26	32	46	33	39	48	55	53	46	48	31	30	42	44	44	50	58	44	44	39	35	45	34	39	39	35	43	37	38	38	44	37	27	32	46	31	39	41	44	33	34	36	32	39	42	44	33	42	48	58	50	31	42	43	59	51	52	59	46	44	48	55	44	45	60	57	51	56	37	42	53	45	45	37	21	19	15	9	5	8	8	5	6	1	3	4	4	3	0	2	2	3	1	2	1	4	3	2	1	2	2	0	1	1	0	2	3	0	0	0	0	0	1	0	0	1	0	0	0	0	0	0	0
37	31	19	19	16	25	29	24	19	14	22	19	30	34	50	47	51	47	49	43	48	58	58	52	42	40	37	40	29	40	47	32	47	39	47	40	44	52	36	39	40	37	53	33	50	50	37	48	49	35	29	37	40	38	39	26	43	36	32	39	39	38	43	46	40	47	54	46	36	49	46	38	34	56	41	42	45	43	29	46	54	53	45	40	52	39	43	55	46	54	54	48	42	52	58	54	37	46	34	41	37	36	26	16	10	12	8	1	7	6	5	4	0	2	4	3	1	1	0	3	2	4	1	0	2	2	1	0	1	1	2	3	4	2	0	1	1	1	0	0	0	0	0	0	0	0	0	0	1	0
31	20	16	20	13	26	27	29	17	11	12	22	19	32	32	47	32	51	35	45	44	55	59	49	41	40	37	37	37	25	44	34	41	45	49	43	36	35	41	49	44	46	56	34	41	34	49	55	40	40	45	50	51	41	35	47	36	24	30	53	44	51	30	56	38	50	49	31	43	46	57	43	34	41	47	38	40	52	45	45	55	50	53	41	49	41	47	46	54	48	55	37	53	36	49	45	41	42	44	41	37	22	30	10	9	10	4	7	7	3	3	4	2	2	3	2	4	2	1	1	0	2	4	2	1	0	0	0	1	3	0	1	1	2	4	1	1	0	0	0	0	0	0	0	1	0	0	0	0	0
25	23	15	16	21	25	25	32	25	17	12	21	28	28	50	39	34	51	52	51	51	58	44	57	45	43	41	42	36	21	30	33	42	39	34	43	48	38	46	49	42	56	34	42	43	33	32	41	41	48	33	41	45	47	50	45	44	36	45	44	33	34	40	52	42	43	40	42	44	45	44	50	32	24	31	41	51	28	32	25	37	41	42	45	42	47	46	44	50	45	45	29	28	47	43	42	45	27	41	31	41	20	21	17	9	14	9	4	4	4	4	1	2	1	2	3	4	3	0	1	2	1	0	1	2	0	0	1	0	2	0	5	3	5	0	3	0	0	0	0	1	1	0	0	0	0	0	0	0	0
33	18	12	12	12	35	10	25	30	31	21	23	39	34	44	45	53	51	46	50	54	40	42	40	43	45	36	37	37	26	34	24	30	39	49	47	45	51	61	51	48	51	45	42	35	36	46	50	46	33	46	38	42	45	50	47	33	38	40	37	40	35	36	44	44	43	39	42	41	47	41	46	38	34	32	44	37	41	29	38	37	33	43	51	40	45	43	48	49	49	52	39	30	30	26	33	40	33	23	40	19	23	17	12	10	15	8	3	1	5	2	1	3	2	2	3	3	1	2	2	0	3	1	5	1	1	0	1	1	4	2	2	0	3	1	2	0	0	0	1	0	1	0	0	1	0	0	0	0	0
41	25	37	23	31	22	38	36	34	33	29	20	43	41	52	48	60	57	57	52	53	56	45	40	41	55	50	19	40	35	33	34	40	30	36	42	43	45	44	55	43	33	45	41	51	36	36	38	44	46	39	49	39	39	42	51	54	45	37	34	36	34	41	30	51	51	42	41	37	43	42	45	27	32	35	39	38	27	26	28	38	36	56	46	55	60	47	61	42	38	51	40	31	28	33	30	33	33	24	15	16	20	19	15	9	13	9	13	3	2	4	6	2	4	2	4	0	1	0	1	0	0	0	0	2	1	2	1	3	1	1	1	0	1	1	0	0	1	1	0	0	0	1	1	1	0	0	0	0	0
26	32	27	21	28	29	39	45	40	42	42	43	41	34	47	53	56	39	43	33	36	30	48	41	40	37	36	34	43	43	33	41	36	35	36	46	44	37	34	38	39	36	34	42	45	44	31	40	42	41	51	39	39	39	42	45	31	34	35	31	33	28	41	39	45	39	45	51	49	44	49	43	35	34	28	42	40	37	29	35	34	43	41	49	48	61	62	49	63	47	47	34	34	26	30	21	13	21	16	17	19	23	22	10	8	1	10	6	6	3	3	3	4	3	4	1	1	1	1	6	0	4	1	2	1	1	2	2	1	0	0	2	0	1	1	0	2	1	0	1	0	0	1	0	0	0	0	0	0	0
46	30	34	38	39	41	41	48	49	47	52	42	48	46	42	51	49	42	49	48	39	39	45	52	46	29	52	38	39	40	23	40	32	34	50	38	43	48	41	29	37	46	44	33	26	41	42	35	50	56	40	52	57	43	53	42	44	33	44	19	35	36	38	56	49	43	47	44	50	55	43	46	38	41	38	45	41	30	35	30	25	47	46	50	46	44	61	54	40	46	36	27	30	24	22	20	19	19	16	19	13	24	20	13	13	11	6	5	5	3	1	4	3	1	2	0	3	1	0	0	2	2	0	2	1	2	0	1	0	0	2	2	1	0	2	1	0	0	0	0	0	0	1	0	1	0	0	0	0	2
38	50	50	40	54	38	46	36	47	58	53	48	53	50	46	52	46	52	45	54	35	53	46	37	45	44	40	39	38	37	41	36	35	48	37	50	26	36	28	24	43	35	32	39	32	45	34	42	37	36	44	55	54	44	47	46	40	26	30	39	34	26	35	32	49	44	49	54	53	50	41	43	40	43	42	35	45	34	27	41	34	58	42	41	40	48	43	40	56	52	31	41	24	26	22	21	26	18	21	12	16	22	24	15	15	5	4	4	5	5	5	2	1	2	1	2	4	1	2	2	5	3	2	2	0	1	1	1	2	0	0	2	3	1	0	0	1	1	0	0	0	0	0	0	0	0	0	0	0	0
50	42	50	61	46	50	54	51	48	42	33	45	46	36	50	37	56	51	40	30	55	34	50	56	38	43	39	49	38	38	36	27	32	22	36	36	38	25	27	36	31	48	29	41	40	48	46	38	45	40	53	48	40	37	43	46	29	44	33	42	40	31	53	39	46	49	53	55	42	47	51	31	49	39	48	37	33	35	44	47	39	45	43	50	39	43	58	50	42	34	35	22	25	37	38	33	27	22	18	15	17	21	20	8	10	8	3	3	3	3	3	2	3	1	1	6	3	3	3	1	2	1	2	2	0	3	1	0	2	2	1	1	2	0	0	3	0	1	0	0	1	0	0	0	0	0	0	0	0	1
51	42	61	42	32	44	52	46	48	46	46	48	50	54	50	52	42	44	51	42	43	44	43	44	44	44	35	52	46	44	27	39	32	37	40	38	31	24	38	34	29	39	36	32	46	38	38	46	56	41	46	57	52	40	48	51	35	36	28	36	45	43	32	45	38	46	39	53	41	30	50	39	36	56	40	36	45	28	26	37	29	39	40	46	44	50	48	56	42	58	42	39	37	44	40	37	25	30	25	19	20	20	8	8	4	5	4	4	5	4	0	4	3	0	3	2	1	1	0	2	4	0	2	1	1	0	1	1	0	2	2	1	0	0	0	0	1	2	0	1	0	0	0	0	0	0	0	0	0	0
46	55	53	50	47	41	54	56	44	48	54	38	43	45	51	34	51	43	35	30	39	46	40	36	43	49	45	41	28	35	36	45	41	43	43	46	44	31	36	33	28	39	50	49	37	25	35	41	30	49	46	44	39	40	38	37	30	35	42	38	61	55	44	49	51	47	41	54	40	41	26	41	43	41	45	42	40	39	40	39	29	48	31	31	47	44	38	52	45	46	41	43	38	40	30	38	28	32	29	30	16	15	16	14	8	5	3	3	2	1	1	2	1	1	1	3	1	3	1	1	2	2	0	2	2	2	4	2	3	2	1	0	1	0	1	0	0	0	0	0	0	1	0	0	0	0	1	0	0	0
44	49	56	47	46	42	58	43	41	51	51	34	39	34	37	40	43	41	37	38	48	41	41	62	47	43	36	43	44	39	44	42	42	47	43	36	38	37	48	35	35	47	52	46	57	39	41	47	43	46	44	56	36	39	44	31	28	34	46	40	42	56	47	48	41	46	58	49	36	42	45	47	50	40	40	35	46	38	47	38	36	46	27	36	42	49	42	59	44	43	37	31	38	46	48	46	40	31	32	14	17	11	4	8	5	3	0	2	2	3	2	1	2	1	2	1	2	1	2	1	1	0	2	1	2	1	1	0	2	3	3	0	0	1	0	0	0	1	0	2	0	0	0	0	0	0	0	0	0	0
43	54	56	47	54	39	38	50	45	49	43	49	44	44	30	39	33	31	32	29	30	39	44	33	47	40	42	38	54	43	44	51	47	34	41	39	39	48	60	42	45	54	42	42	58	55	43	43	42	37	48	34	36	45	31	40	29	34	43	33	42	49	60	41	37	54	52	43	42	22	35	39	45	40	34	49	38	45	28	36	40	28	34	50	40	57	41	45	57	43	25	33	43	56	43	44	38	24	22	20	10	11	13	3	1	5	2	4	7	1	2	2	2	2	1	3	1	2	1	1	1	2	2	1	1	1	1	0	3	0	0	0	0	0	0	0	0	0	0	0	0	0	0	0	0	0	0	0	0	0
42	53	57	52	59	44	43	44	44	37	51	49	44	39	37	19	26	45	33	42	30	36	26	38	47	32	40	56	46	50	54	46	44	36	48	52	35	44	48	52	25	46	48	51	47	36	30	45	49	35	33	49	54	40	26	37	44	43	46	42	48	48	52	55	43	44	40	26	47	39	25	41	28	40	33	48	47	28	47	40	40	39	34	38	36	42	43	46	43	39	39	54	47	55	42	38	32	46	37	18	7	6	6	6	4	2	3	5	3	1	3	4	3	1	2	3	0	2	1	1	1	2	2	1	1	1	1	0	1	0	2	2	1	1	0	1	1	1	0	0	0	0	0	0	1	0	0	1	0	0
37	44	50	51	44	55	48	50	46	56	42	39	55	32	39	44	30	37	26	21	33	27	31	40	35	37	35	39	43	58	54	50	49	55	33	56	67	51	53	51	55	39	46	46	58	32	41	43	39	34	40	47	38	39	40	44	40	52	50	51	40	57	47	43	37	42	46	30	37	39	31	29	39	38	44	41	26	26	28	45	32	32	39	41	37	35	43	49	40	51	41	38	36	51	42	38	42	33	15	13	8	10	3	8	7	7	2	2	4	5	2	3	1	2	2	0	1	2	1	0	2	3	0	0	1	1	0	1	0	2	0	1	1	0	0	1	1	0	0	0	0	0	0	0	1	0	0	2	0	0
50	42	50	43	47	58	59	44	58	45	40	43	33	43	40	38	27	21	33	23	23	29	23	33	39	41	37	39	41	66	49	54	52	45	38	41	47	42	45	43	47	46	41	52	40	52	48	37	47	38	34	49	34	33	45	39	44	42	46	56	52	41	37	38	49	50	49	47	31	38	33	35	36	40	42	30	28	26	33	52	44	36	33	24	52	39	47	55	46	40	39	49	28	56	64	47	37	43	37	16	13	10	7	4	4	3	1	4	6	3	4	3	2	2	1	2	1	0	3	1	0	1	0	1	3	3	0	1	3	1	1	0	0	0	0	1	0	0	1	1	0	0	0	1	0	2	0	1	1	0
54	70	36	49	41	47	45	38	42	44	51	42	35	37	35	27	27	24	26	31	25	18	23	36	40	48	37	53	33	52	51	64	45	38	34	50	42	60	44	50	42	45	53	47	44	48	37	40	41	42	44	42	36	46	40	52	40	47	64	37	47	49	41	51	44	35	35	32	36	34	32	35	42	32	40	29	31	25	31	45	38	42	43	48	41	53	49	48	43	40	38	57	49	50	35	33	49	33	24	14	15	4	2	4	0	2	2	1	3	1	1	0	1	2	5	2	0	1	1	1	2	2	2	0	1	2	1	2	2	1	1	0	0	0	0	0	1	0	0	0	0	2	0	0	0	0	0	0	0	1
54	40	46	45	46	43	43	41	46	53	36	42	55	33	35	25	26	26	25	27	26	21	31	24	31	48	40	41	53	59	49	50	52	49	51	44	49	51	34	51	61	42	37	40	45	32	38	37	41	36	38	38	36	45	42	49	49	39	48	49	54	53	40	49	28	44	43	38	40	45	44	29	38	35	33	31	33	29	28	44	40	41	53	50	37	40	43	34	34	42	41	49	47	43	60	45	36	37	19	13	11	2	1	4	2	5	1	3	3	1	3	1	5	2	2	1	2	2	2	1	2	1	2	2	0	3	1	2	2	1	2	1	0	1	0	0	1	0	0	0	0	0	0	0	0	0	0	0	0	0
50	52	64	47	44	40	50	40	43	51	47	53	39	52	25	27	21	18	20	22	16	22	29	34	35	49	50	47	43	56	38	55	48	44	56	45	44	34	44	38	38	55	45	42	42	44	36	33	35	37	32	48	37	31	44	39	48	52	48	48	54	42	52	54	45	49	44	49	43	26	38	32	37	38	37	30	33	32	37	48	47	50	54	43	32	47	38	32	41	39	50	36	52	55	55	44	36	18	24	8	3	9	8	7	3	4	3	0	2	3	2	1	2	2	1	2	1	0	1	0	1	1	0	2	0	2	2	1	2	1	1	0	0	0	0	1	0	1	0	0	1	0	0	0	0	0	0	0	0	0
45	54	51	53	43	55	49	48	56	41	40	50	36	37	29	19	16	30	30	27	30	38	41	33	30	28	45	36	55	60	44	53	49	49	44	56	45	46	35	34	43	40	45	39	30	33	34	36	34	30	47	33	47	36	41	41	47	45	33	53	59	52	46	39	46	37	37	33	46	36	33	38	26	33	35	44	34	39	40	38	38	42	42	42	39	42	44	40	43	48	51	41	57	48	41	33	36	39	12	15	12	2	2	5	6	5	5	2	3	4	4	1	1	3	1	0	0	1	0	1	0	0	1	0	0	6	1	2	0	2	0	1	1	0	1	0	0	0	1	0	2	1	0	0	0	1	1	0	0	0
45	52	36	49	65	53	47	43	47	41	47	41	42	55	34	27	31	22	23	38	35	33	32	33	21	58	40	48	43	58	52	43	47	42	48	41	47	43	43	37	44	52	44	42	33	30	39	34	42	41	27	35	34	46	48	40	56	45	62	54	57	51	53	52	37	36	46	34	37	40	39	35	31	33	32	34	34	33	41	45	35	46	53	45	36	34	35	49	47	39	55	47	41	43	52	37	27	19	26	9	5	5	7	2	2	2	3	5	4	1	2	2	3	2	2	0	0	2	1	3	3	2	2	2	1	0	0	1	3	3	2	0	1	0	1	0	0	0	0	1	0	0	0	0	0	0	0	1	2	0
36	58	50	57	64	48	54	56	44	42	49	44	42	49	42	38	33	26	41	33	38	39	37	46	41	28	41	56	43	43	55	36	40	55	51	51	40	51	38	54	47	36	39	42	35	37	21	26	26	46	35	34	35	48	62	54	61	61	49	52	57	43	56	46	48	40	46	49	45	36	34	26	29	29	42	44	37	37	31	46	42	38	46	42	37	52	42	41	42	48	50	65	41	39	46	44	33	31	17	9	8	5	7	4	2	5	0	1	3	2	2	0	1	5	1	0	0	0	0	6	0	1	3	0	1	4	3	2	2	0	0	0	0	0	0	0	0	0	0	1	1	0	0	0	0	0	0	0	0	0
57	55	45	46	52	50	43	49	40	46	54	55	37	51	42	40	42	29	39	43	48	45	41	46	39	43	45	43	47	55	43	44	41	48	45	49	47	46	43	44	44	43	49	48	33	36	24	34	21	46	38	43	34	48	45	47	51	51	43	34	43	47	50	41	34	42	33	38	24	30	25	38	38	32	39	34	51	43	47	52	52	40	36	42	47	44	51	43	43	47	44	46	57	48	37	32	47	30	15	12	7	11	8	4	3	5	4	2	8	2	2	5	3	2	1	3	3	1	5	1	1	2	2	0	1	0	4	3	4	0	0	0	0	0	0	0	0	0	0	0	0	0	0	0	0	0	1	0	2	0
54	37	56	39	52	52	53	53	47	42	41	36	51	49	39	37	40	43	34	52	48	42	42	35	41	31	43	56	49	49	50	53	48	52	46	42	49	61	53	40	54	50	46	44	29	39	31	25	26	33	35	37	46	45	56	53	45	60	54	57	54	61	50	47	58	39	44	33	32	37	32	39	52	35	43	35	43	44	39	40	42	51	40	50	52	46	34	50	44	43	33	47	45	47	39	43	41	30	26	18	15	7	5	5	5	8	5	3	2	4	2	2	7	4	3	1	2	2	1	2	2	0	4	1	3	1	4	2	1	1	0	0	0	0	0	2	0	0	0	0	1	1	0	0	1	0	0	0	0	0
58	49	52	59	49	52	52	41	48	43	58	51	51	36	44	46	36	50	51	47	47	41	47	43	47	35	45	49	53	50	41	47	51	55	40	53	58	49	60	58	49	44	47	34	38	32	36	26	33	31	38	37	49	47	43	52	48	60	42	52	40	52	55	46	45	42	44	22	34	40	50	40	27	34	27	43	45	42	43	33	49	45	37	27	43	39	52	49	44	46	47	39	42	56	50	36	35	31	30	32	12	7	7	10	5	4	0	2	6	2	2	0	5	3	2	3	4	2	2	4	0	3	3	1	2	1	1	0	1	1	1	0	0	0	1	0	0	0	0	1	0	1	0	0	0	0	0	0	0	1
46	57	45	49	41	46	49	50	55	45	56	48	53	47	43	56	59	45	49	38	42	45	41	43	35	47	42	52	50	42	32	43	38	56	51	52	48	48	56	57	46	43	36	34	40	25	13	30	44	29	41	35	43	34	50	44	55	51	50	46	52	46	44	54	43	50	38	48	35	40	35	42	49	43	50	42	54	39	32	36	34	36	28	30	28	36	40	47	44	56	44	44	34	45	48	44	45	57	42	23	18	6	3	3	5	6	4	5	5	4	5	2	2	2	2	3	2	3	3	1	1	1	1	3	4	2	3	1	3	0	0	1	0	0	1	1	0	0	0	0	0	0	0	0	0	0	0	0	0	0
55	56	46	54	55	42	41	54	41	48	63	43	47	44	34	59	44	44	44	42	45	41	36	44	46	36	40	44	52	51	38	49	51	45	51	50	49	50	41	50	41	51	50	43	29	33	32	42	31	32	27	38	34	42	49	50	50	59	45	59	56	54	62	45	43	44	41	35	39	36	51	49	44	41	51	45	49	48	34	33	50	31	26	31	29	48	54	40	65	39	38	44	42	52	49	47	48	50	34	25	18	10	5	5	7	5	7	2	6	7	4	2	2	2	4	1	3	3	3	3	3	2	2	2	2	4	1	1	0	0	0	0	0	1	1	0	0	1	0	0	0	0	1	0	0	0	0	0	0	0
51	46	47	52	44	45	44	41	43	54	43	42	52	59	48	51	57	44	61	46	50	54	30	33	33	40	38	44	24	35	49	43	50	48	39	42	55	51	48	46	47	47	36	31	28	32	34	29	34	33	38	32	30	46	43	35	47	48	49	52	50	44	61	46	43	40	50	44	57	55	63	45	44	44	44	41	55	51	45	37	27	26	27	32	46	45	48	46	50	52	51	36	50	39	49	50	39	53	27	24	10	12	9	3	8	1	3	13	3	1	4	2	4	2	2	1	1	3	1	2	2	1	6	5	0	1	4	0	1	0	1	0	2	1	0	0	0	1	1	0	0	0	0	0	1	0	0	0	0	1
44	50	53	50	55	40	33	47	50	41	58	41	56	53	54	38	58	44	62	48	36	31	42	35	50	48	40	36	37	30	41	40	50	47	55	45	40	71	59	51	47	46	39	35	43	32	41	34	35	49	35	28	28	32	33	52	50	42	45	54	51	54	45	46	52	46	48	47	46	58	60	47	60	42	39	48	38	43	36	31	20	29	32	33	38	51	35	42	61	45	30	49	44	41	55	42	44	36	34	24	16	9	14	12	4	12	4	6	3	5	1	2	3	0	0	2	2	1	2	1	4	2	1	1	2	4	2	3	3	2	0	0	0	0	1	0	0	0	0	0	0	1	0	1	0	0	0	0	1	0
50	52	42	33	40	47	33	44	53	42	37	45	56	51	47	44	52	46	41	39	49	47	43	39	33	36	33	41	47	43	40	37	53	39	53	43	63	50	49	50	49	42	46	52	52	39	38	40	32	35	34	24	40	47	42	42	49	42	39	37	52	39	60	51	46	53	43	44	52	48	49	50	54	51	39	51	40	43	43	31	21	15	36	38	38	41	44	53	45	44	46	53	53	45	52	53	57	49	41	24	19	7	5	5	6	4	3	4	6	4	5	2	1	1	2	5	1	3	6	1	0	1	2	0	0	3	1	1	2	0	0	0	0	1	0	0	0	1	0	1	0	0	0	0	0	0	1	0	0	0
54	39	65	54	47	31	37	52	49	41	56	44	42	49	52	45	53	60	53	45	42	44	41	50	46	40	35	34	45	42	48	40	36	40	55	46	48	54	45	45	56	40	51	53	37	39	41	45	35	35	34	29	30	45	31	42	39	46	41	41	47	36	44	39	38	49	51	53	54	51	50	45	36	45	36	36	30	43	35	29	22	23	31	39	48	41	48	41	60	51	45	39	49	50	43	36	49	42	24	26	16	9	11	5	2	5	7	6	2	5	2	2	4	2	2	1	5	1	0	2	0	2	1	0	0	1	2	0	0	0	1	0	0	0	0	1	0	0	0	0	0	0	0	1	0	0	0	0	0	0
34	52	33	50	44	45	45	45	56	47	55	45	40	53	44	38	39	36	61	43	41	45	53	43	42	47	41	38	41	48	44	32	42	40	45	55	48	57	49	45	36	59	36	57	51	46	54	32	37	26	37	28	32	56	36	42	52	42	40	34	47	41	42	48	37	36	53	35	45	40	54	49	41	51	41	39	23	28	23	31	23	39	38	37	59	51	51	42	46	51	33	60	48	40	50	56	55	46	34	28	12	11	3	4	5	6	4	3	5	1	2	1	2	2	0	6	2	3	1	0	3	1	0	0	1	2	2	1	0	1	0	0	1	0	0	3	0	0	0	0	0	0	0	1	0	0	0	0	0	1
52	43	51	39	42	61	66	42	59	37	40	41	47	50	54	38	47	35	41	51	41	37	37	33	44	47	42	38	34	51	44	40	32	43	45	47	48	56	40	46	44	38	49	45	44	31	47	39	39	28	38	47	44	42	54	40	32	33	39	30	31	38	50	43	56	39	45	36	48	31	43	43	40	50	45	30	36	21	16	31	33	38	43	50	46	39	45	46	24	41	47	55	38	50	44	55	36	35	35	19	12	10	6	10	3	6	4	5	2	3	3	1	2	0	3	3	3	0	2	0	2	3	1	0	0	0	1	0	1	1	0	0	0	0	0	0	0	1	0	0	1	0	0	1	0	0	1	0	0	0
39	62	41	57	57	48	62	36	43	43	43	51	37	43	35	39	50	38	44	53	48	55	44	35	44	30	41	35	42	51	39	42	43	37	54	49	54	59	62	55	51	36	47	52	33	47	30	35	30	38	44	47	59	31	47	45	33	43	34	38	23	18	40	37	53	52	34	44	44	47	52	40	34	52	38	36	28	30	24	35	39	39	38	62	56	45	41	49	43	50	42	51	51	60	43	44	50	35	29	15	8	15	8	6	7	5	6	1	2	5	2	2	2	3	2	0	1	1	3	1	2	1	0	2	0	2	1	0	0	0	0	0	0	0	0	0	1	0	0	0	1	1	1	0	0	0	0	0	0	1
39	40	52	38	47	45	50	49	49	39	51	53	47	41	51	38	32	47	37	56	44	39	59	41	45	41	35	35	45	41	44	49	39	47	43	53	53	50	56	52	47	67	46	47	36	39	50	34	35	33	37	46	43	36	34	37	41	34	30	32	26	20	41	42	34	43	47	48	44	36	51	36	38	28	29	28	22	27	31	30	37	27	37	49	38	51	49	35	26	47	43	36	52	50	39	42	42	41	29	21	12	4	5	11	6	1	5	0	2	4	3	2	2	3	2	1	0	2	1	0	2	1	0	1	1	0	0	0	2	0	0	1	0	0	0	0	0	0	0	1	0	0	0	0	0	0	0	0	1	0
33	53	58	52	40	43	65	53	40	55	39	37	47	27	42	36	43	35	51	47	46	43	36	45	44	45	39	43	40	35	48	42	69	49	46	55	53	53	54	51	47	53	57	49	57	45	34	38	25	28	47	43	40	43	38	45	33	37	16	20	26	24	26	27	34	41	40	41	46	46	52	49	44	41	32	28	31	39	25	30	38	43	37	46	39	45	33	34	33	31	50	43	45	42	44	44	43	30	28	17	9	10	11	7	8	0	3	6	3	3	3	3	1	1	1	4	2	1	0	2	3	2	0	0	1	0	0	0	0	0	0	0	0	0	1	1	0	0	0	0	0	1	0	0	0	0	1	0	0	1
47	43	45	50	48	48	57	45	47	44	53	48	39	52	31	29	42	31	46	37	50	47	44	36	47	48	45	45	44	34	42	48	57	53	40	49	45	57	43	48	58	54	49	48	41	42	30	33	26	34	40	41	46	41	31	33	31	28	21	22	28	40	35	45	37	33	38	32	49	40	44	41	41	36	43	41	38	28	37	38	42	34	46	30	32	51	26	37	29	32	43	43	40	61	34	48	44	36	22	14	12	11	7	3	5	1	2	4	2	3	0	0	2	1	1	1	2	1	0	1	0	4	2	0	1	0	0	0	1	2	0	0	0	0	0	0	0	0	0	0	0	0	0	0	0	0	0	0	0	0
43	42	43	44	56	47	45	39	54	54	56	57	38	55	48	34	43	44	60	44	50	42	45	55	39	48	49	51	45	50	52	40	43	39	27	53	47	48	38	53	52	43	53	42	39	31	39	38	33	40	28	55	41	45	36	28	29	25	19	30	27	37	29	36	40	42	38	40	26	27	34	42	48	34	32	29	26	34	26	31	47	38	36	42	38	31	27	21	30	39	37	36	42	52	35	39	41	25	22	13	13	7	3	7	2	5	5	3	2	4	2	6	4	5	0	2	0	3	0	3	0	2	0	1	1	0	0	2	1	0	0	1	0	0	0	1	0	0	0	0	0	0	0	0	0	0	0	0	0	0
42	55	51	48	45	53	45	49	45	55	42	42	43	46	36	40	24	37	36	46	53	37	51	47	42	49	43	32	49	47	22	45	49	45	47	40	43	48	42	53	56	53	44	52	42	36	41	37	43	44	53	36	50	36	46	28	35	30	27	19	29	37	40	43	34	38	32	32	43	35	35	48	35	42	23	37	31	37	30	31	27	44	30	39	39	41	29	25	38	41	48	50	58	43	46	33	33	23	14	15	6	5	8	3	3	5	2	3	4	4	5	4	3	2	2	2	2	2	0	3	0	1	0	0	0	1	0	0	0	1	2	1	1	0	0	1	0	0	1	0	0	0	0	0	0	2	0	0	1	0
